start	5	2015	1	7	3
	265	94	-108.750000	51.500000	1.057273e+05	2015	1	7	3
	280	114	-105.000000	46.500000	1.059957e+05	2015	1	7	9
	281	120	-104.750000	45.000000	1.060342e+05	2015	1	7	12
	291	132	-102.250000	42.000000	1.061321e+05	2015	1	7	15
	300	133	-100.000000	41.750000	1.059960e+05	2015	1	7	18
start	5	2015	1	9	18
	509	131	-47.750000	42.250000	1.038141e+05	2015	1	9	18
	512	131	-47.000000	42.250000	1.040488e+05	2015	1	9	21
	538	127	-40.500000	43.250000	1.040531e+05	2015	1	10	3
	549	125	-37.750000	43.750000	1.041197e+05	2015	1	10	6
	553	126	-36.750000	43.500000	1.041387e+05	2015	1	10	9
start	10	2015	1	14	18
	187	34	-128.250000	66.500000	1.028263e+05	2015	1	14	18
	201	35	-124.750000	66.250000	1.028984e+05	2015	1	14	21
	204	36	-124.000000	66.000000	1.028701e+05	2015	1	15	0
	215	43	-121.250000	64.250000	1.029056e+05	2015	1	15	3
	231	46	-117.250000	63.500000	1.029062e+05	2015	1	15	6
	234	51	-116.500000	62.250000	1.028714e+05	2015	1	15	9
	263	49	-109.250000	62.750000	1.029031e+05	2015	1	15	12
	263	49	-109.250000	62.750000	1.028612e+05	2015	1	15	15
	278	59	-105.500000	60.250000	1.028924e+05	2015	1	15	18
	290	59	-102.500000	60.250000	1.028200e+05	2015	1	15	21
start	5	2015	1	16	15
	514	33	-46.500000	66.750000	1.017262e+05	2015	1	16	15
	516	25	-46.000000	68.750000	1.019588e+05	2015	1	16	21
	533	12	-41.750000	72.000000	1.024440e+05	2015	1	17	6
	556	0	-36.000000	75.000000	1.032511e+05	2015	1	17	15
	556	0	-36.000000	75.000000	1.032942e+05	2015	1	17	18
start	10	2015	1	17	21
	290	43	-102.500000	64.250000	1.020996e+05	2015	1	17	21
	290	43	-102.500000	64.250000	1.021128e+05	2015	1	18	0
	308	50	-98.000000	62.500000	1.020476e+05	2015	1	18	3
	308	50	-98.000000	62.500000	1.021008e+05	2015	1	18	6
	311	58	-97.250000	60.500000	1.021424e+05	2015	1	18	9
	316	66	-96.000000	58.500000	1.021949e+05	2015	1	18	12
	316	70	-96.000000	57.500000	1.022240e+05	2015	1	18	15
	322	74	-94.500000	56.500000	1.022666e+05	2015	1	18	18
	340	75	-90.000000	56.250000	1.023807e+05	2015	1	18	21
	349	80	-87.750000	55.000000	1.025979e+05	2015	1	19	0
start	4	2015	1	18	15
	479	130	-55.250000	42.500000	1.036760e+05	2015	1	18	15
	495	127	-51.250000	43.250000	1.036711e+05	2015	1	18	18
	501	129	-49.750000	42.750000	1.039134e+05	2015	1	18	21
	522	122	-44.500000	44.500000	1.040235e+05	2015	1	19	3
start	12	2015	1	26	9
	391	115	-77.250000	46.250000	1.023221e+05	2015	1	26	9
	398	112	-75.500000	47.000000	1.024431e+05	2015	1	26	12
	409	109	-72.750000	47.750000	1.026607e+05	2015	1	26	15
	413	105	-71.750000	48.750000	1.026432e+05	2015	1	26	18
	432	99	-67.000000	50.250000	1.033172e+05	2015	1	27	3
	435	91	-66.250000	52.250000	1.035570e+05	2015	1	27	6
	440	93	-65.000000	51.750000	1.036644e+05	2015	1	27	9
	445	93	-63.750000	51.750000	1.038729e+05	2015	1	27	12
	444	87	-64.000000	53.250000	1.039468e+05	2015	1	27	15
	450	87	-62.500000	53.250000	1.037983e+05	2015	1	27	18
	441	83	-64.750000	54.250000	1.035606e+05	2015	1	28	0
	444	86	-64.000000	53.500000	1.033714e+05	2015	1	28	3
start	9	2015	1	28	21
	237	60	-115.750000	60.000000	1.039771e+05	2015	1	28	21
	242	60	-114.500000	60.000000	1.039694e+05	2015	1	29	0
	256	69	-111.000000	57.750000	1.041074e+05	2015	1	29	6
	265	74	-108.750000	56.500000	1.041252e+05	2015	1	29	9
	276	81	-106.000000	54.750000	1.041141e+05	2015	1	29	12
	286	88	-103.500000	53.000000	1.040853e+05	2015	1	29	15
	292	94	-102.000000	51.500000	1.041182e+05	2015	1	29	18
	302	94	-99.500000	51.500000	1.039528e+05	2015	1	29	21
	307	105	-98.250000	48.750000	1.039304e+05	2015	1	30	0
start	12	2015	1	31	6
	248	64	-113.000000	59.000000	1.047215e+05	2015	1	31	6
	254	72	-111.500000	57.000000	1.046922e+05	2015	1	31	9
	260	74	-110.000000	56.500000	1.047396e+05	2015	1	31	12
	265	74	-108.750000	56.500000	1.046714e+05	2015	1	31	15
	268	82	-108.000000	54.500000	1.046509e+05	2015	1	31	18
	279	89	-105.250000	52.750000	1.044621e+05	2015	2	1	0
	286	89	-103.500000	52.750000	1.043374e+05	2015	2	1	3
	292	98	-102.000000	50.500000	1.043233e+05	2015	2	1	6
	294	98	-101.500000	50.500000	1.042689e+05	2015	2	1	9
	294	105	-101.500000	48.750000	1.042567e+05	2015	2	1	12
	300	108	-100.000000	48.000000	1.042381e+05	2015	2	1	15
	300	108	-100.000000	48.000000	1.041289e+05	2015	2	1	18
start	7	2015	2	4	6
	259	102	-110.250000	49.500000	1.035903e+05	2015	2	4	6
	272	106	-107.000000	48.500000	1.036922e+05	2015	2	4	9
	280	118	-105.000000	45.500000	1.037798e+05	2015	2	4	12
	283	118	-104.250000	45.500000	1.039001e+05	2015	2	4	15
	300	134	-100.000000	41.500000	1.037647e+05	2015	2	4	21
	304	137	-99.000000	40.750000	1.038091e+05	2015	2	5	0
	309	141	-97.750000	39.750000	1.038961e+05	2015	2	5	3
start	7	2015	2	5	0
	73	17	-156.750000	70.750000	1.036823e+05	2015	2	5	0
	94	20	-151.500000	70.000000	1.038338e+05	2015	2	5	6
	106	20	-148.500000	70.000000	1.038679e+05	2015	2	5	9
	142	28	-139.500000	68.000000	1.039304e+05	2015	2	5	15
	151	32	-137.250000	67.000000	1.038823e+05	2015	2	5	18
	151	32	-137.250000	67.000000	1.038602e+05	2015	2	5	21
	200	41	-125.000000	64.750000	1.034681e+05	2015	2	6	6
start	10	2015	2	8	15
	383	82	-79.250000	54.500000	1.035481e+05	2015	2	8	15
	389	78	-77.750000	55.500000	1.035889e+05	2015	2	8	18
	413	83	-71.750000	54.250000	1.037938e+05	2015	2	9	0
	417	88	-70.750000	53.000000	1.038007e+05	2015	2	9	3
	423	92	-69.250000	52.000000	1.038349e+05	2015	2	9	6
	423	94	-69.250000	51.500000	1.038216e+05	2015	2	9	9
	424	94	-69.000000	51.500000	1.038727e+05	2015	2	9	12
	440	89	-65.000000	52.750000	1.038445e+05	2015	2	9	15
	441	89	-64.750000	52.750000	1.035654e+05	2015	2	9	18
	455	98	-61.250000	50.500000	1.031865e+05	2015	2	10	3
start	13	2015	2	10	18
	210	65	-122.500000	58.750000	1.044633e+05	2015	2	10	18
	240	57	-115.000000	60.750000	1.045174e+05	2015	2	11	0
	246	61	-113.500000	59.750000	1.045874e+05	2015	2	11	3
	250	65	-112.500000	58.750000	1.047319e+05	2015	2	11	6
	256	69	-111.000000	57.750000	1.048578e+05	2015	2	11	9
	260	76	-110.000000	56.000000	1.049391e+05	2015	2	11	12
	263	82	-109.250000	54.500000	1.050214e+05	2015	2	11	15
	272	93	-107.000000	51.750000	1.048888e+05	2015	2	11	21
	290	99	-102.500000	50.250000	1.048393e+05	2015	2	12	0
	296	107	-101.000000	48.250000	1.047135e+05	2015	2	12	3
	298	109	-100.500000	47.750000	1.047349e+05	2015	2	12	6
	313	117	-96.750000	45.750000	1.044228e+05	2015	2	12	12
	334	135	-91.500000	41.250000	1.034900e+05	2015	2	13	3
start	20	2015	2	12	18
	236	14	-116.000000	71.500000	1.035721e+05	2015	2	12	18
	237	14	-115.750000	71.500000	1.037609e+05	2015	2	12	21
	244	24	-114.000000	69.000000	1.039955e+05	2015	2	13	0
	244	24	-114.000000	69.000000	1.041145e+05	2015	2	13	3
	242	35	-114.500000	66.250000	1.041931e+05	2015	2	13	6
	243	35	-114.250000	66.250000	1.043861e+05	2015	2	13	9
	263	44	-109.250000	64.000000	1.045474e+05	2015	2	13	12
	262	49	-109.500000	62.750000	1.046420e+05	2015	2	13	15
	263	49	-109.250000	62.750000	1.047725e+05	2015	2	13	18
	279	51	-105.250000	62.250000	1.047762e+05	2015	2	13	21
	281	51	-104.750000	62.250000	1.048456e+05	2015	2	14	0
	289	59	-102.750000	60.250000	1.047912e+05	2015	2	14	3
	294	65	-101.500000	58.750000	1.047388e+05	2015	2	14	6
	304	71	-99.000000	57.250000	1.047072e+05	2015	2	14	9
	304	80	-99.000000	55.000000	1.047733e+05	2015	2	14	12
	311	83	-97.250000	54.250000	1.047668e+05	2015	2	14	15
	317	83	-95.750000	54.250000	1.044958e+05	2015	2	14	21
	329	89	-92.750000	52.750000	1.043964e+05	2015	2	15	0
	340	107	-90.000000	48.250000	1.043550e+05	2015	2	15	9
	343	107	-89.250000	48.250000	1.042182e+05	2015	2	15	15
start	32	2015	2	19	18
	0	32	-175.000000	67.000000	1.016366e+05	2015	2	19	18
	0	32	-175.000000	67.000000	1.017981e+05	2015	2	19	21
	0	31	-175.000000	67.250000	1.019964e+05	2015	2	20	0
	0	32	-175.000000	67.000000	1.020979e+05	2015	2	20	3
	0	31	-175.000000	67.250000	1.022868e+05	2015	2	20	6
	0	31	-175.000000	67.250000	1.023638e+05	2015	2	20	9
	0	28	-175.000000	68.000000	1.024381e+05	2015	2	20	12
	0	22	-175.000000	69.500000	1.025179e+05	2015	2	20	15
	0	19	-175.000000	70.250000	1.026894e+05	2015	2	20	18
	0	16	-175.000000	71.000000	1.028221e+05	2015	2	20	21
	0	14	-175.000000	71.500000	1.028781e+05	2015	2	21	0
	0	14	-175.000000	71.500000	1.029085e+05	2015	2	21	3
	0	14	-175.000000	71.500000	1.029719e+05	2015	2	21	6
	0	13	-175.000000	71.750000	1.029718e+05	2015	2	21	9
	0	13	-175.000000	71.750000	1.029156e+05	2015	2	21	12
	0	12	-175.000000	72.000000	1.029148e+05	2015	2	21	15
	0	10	-175.000000	72.500000	1.028209e+05	2015	2	21	18
	0	7	-175.000000	73.250000	1.028400e+05	2015	2	21	21
	0	5	-175.000000	73.750000	1.028302e+05	2015	2	22	0
	0	2	-175.000000	74.500000	1.027913e+05	2015	2	22	3
	0	0	-175.000000	75.000000	1.028065e+05	2015	2	22	6
	0	0	-175.000000	75.000000	1.028287e+05	2015	2	22	9
	2	0	-174.500000	75.000000	1.028573e+05	2015	2	22	12
	40	0	-165.000000	75.000000	1.028184e+05	2015	2	22	15
	68	0	-158.000000	75.000000	1.028448e+05	2015	2	22	18
	96	0	-151.000000	75.000000	1.029688e+05	2015	2	22	21
	115	0	-146.250000	75.000000	1.031991e+05	2015	2	23	0
	130	0	-142.500000	75.000000	1.033575e+05	2015	2	23	3
	139	0	-140.250000	75.000000	1.035184e+05	2015	2	23	6
	148	0	-138.000000	75.000000	1.036002e+05	2015	2	23	9
	156	0	-136.000000	75.000000	1.037803e+05	2015	2	23	12
	168	0	-133.000000	75.000000	1.037148e+05	2015	2	23	15
start	10	2015	2	22	6
	276	102	-106.000000	49.500000	1.048020e+05	2015	2	22	6
	279	104	-105.250000	49.000000	1.048357e+05	2015	2	22	9
	286	105	-103.500000	48.750000	1.048401e+05	2015	2	22	12
	298	114	-100.500000	46.500000	1.049134e+05	2015	2	22	15
	298	107	-100.500000	48.250000	1.049778e+05	2015	2	22	18
	300	107	-100.000000	48.250000	1.047838e+05	2015	2	22	21
	313	116	-96.750000	46.000000	1.046588e+05	2015	2	23	0
	310	123	-97.500000	44.250000	1.047838e+05	2015	2	23	3
	310	130	-97.500000	42.500000	1.048134e+05	2015	2	23	6
	311	135	-97.250000	41.250000	1.047510e+05	2015	2	23	9
start	9	2015	2	24	12
	214	15	-121.500000	71.250000	1.037885e+05	2015	2	24	12
	228	35	-118.000000	66.250000	1.040678e+05	2015	2	24	21
	219	32	-120.250000	67.000000	1.041308e+05	2015	2	25	0
	232	44	-117.000000	64.000000	1.041805e+05	2015	2	25	3
	233	47	-116.750000	63.250000	1.042899e+05	2015	2	25	6
	232	53	-117.000000	61.750000	1.043470e+05	2015	2	25	9
	246	66	-113.500000	58.500000	1.044904e+05	2015	2	25	12
	246	66	-113.500000	58.500000	1.045624e+05	2015	2	25	15
	252	73	-112.000000	56.750000	1.046556e+05	2015	2	25	18
start	6	2015	2	24	21
	437	136	-65.750000	41.000000	1.023555e+05	2015	2	24	21
	466	128	-58.500000	43.000000	1.025678e+05	2015	2	25	3
	480	128	-55.000000	43.000000	1.026239e+05	2015	2	25	6
	507	127	-48.250000	43.250000	1.029982e+05	2015	2	25	12
	503	123	-49.250000	44.250000	1.030987e+05	2015	2	25	15
	523	116	-44.250000	46.000000	1.031084e+05	2015	2	25	18
start	5	2015	3	1	0
	45	57	-163.750000	60.750000	1.032345e+05	2015	3	1	0
	56	46	-161.000000	63.500000	1.035291e+05	2015	3	1	6
	66	36	-158.500000	66.000000	1.037131e+05	2015	3	1	9
	83	36	-154.250000	66.000000	1.039722e+05	2015	3	1	15
	115	24	-146.250000	69.000000	1.042356e+05	2015	3	2	0
start	6	2015	3	2	3
	503	129	-49.250000	42.750000	1.035258e+05	2015	3	2	3
	510	127	-47.500000	43.250000	1.034149e+05	2015	3	2	6
	535	133	-41.250000	41.750000	1.033087e+05	2015	3	2	12
	540	134	-40.000000	41.500000	1.032198e+05	2015	3	2	15
	546	136	-38.500000	41.000000	1.030511e+05	2015	3	2	18
	559	134	-35.250000	41.500000	1.030946e+05	2015	3	2	21
start	6	2015	3	4	9
	264	92	-109.000000	52.000000	1.034259e+05	2015	3	4	9
	275	99	-106.250000	50.250000	1.035264e+05	2015	3	4	12
	281	100	-104.750000	50.000000	1.036914e+05	2015	3	4	15
	287	102	-103.250000	49.500000	1.035679e+05	2015	3	4	21
	300	108	-100.000000	48.000000	1.035144e+05	2015	3	5	0
	310	126	-97.500000	43.500000	1.037243e+05	2015	3	5	6
start	8	2015	3	13	3
	241	114	-114.750000	46.500000	1.030963e+05	2015	3	13	3
	244	113	-114.000000	46.750000	1.032707e+05	2015	3	13	12
	250	119	-112.500000	45.250000	1.033757e+05	2015	3	13	15
	272	132	-107.000000	42.000000	1.030196e+05	2015	3	13	21
	275	143	-106.250000	39.250000	1.031278e+05	2015	3	14	6
	277	145	-105.750000	38.750000	1.030486e+05	2015	3	14	9
	277	144	-105.750000	39.000000	1.031749e+05	2015	3	14	12
	276	149	-106.000000	37.750000	1.033996e+05	2015	3	14	15
start	6	2015	3	21	15
	267	164	-108.250000	34.000000	1.025009e+05	2015	3	21	15
	269	187	-107.750000	28.250000	1.023541e+05	2015	3	22	6
	270	188	-107.500000	28.000000	1.022869e+05	2015	3	22	9
	275	195	-106.250000	26.250000	1.023360e+05	2015	3	22	12
	275	196	-106.250000	26.000000	1.022099e+05	2015	3	23	3
	275	196	-106.250000	26.000000	1.024006e+05	2015	3	23	6
start	15	2015	3	25	3
	263	44	-109.250000	64.000000	1.028202e+05	2015	3	25	3
	272	49	-107.000000	62.750000	1.029112e+05	2015	3	25	6
	280	57	-105.000000	60.750000	1.030606e+05	2015	3	25	12
	282	57	-104.500000	60.750000	1.031838e+05	2015	3	25	15
	282	55	-104.500000	61.250000	1.031264e+05	2015	3	25	18
	293	58	-101.750000	60.500000	1.030948e+05	2015	3	25	21
	294	59	-101.500000	60.250000	1.031241e+05	2015	3	26	0
	297	60	-100.750000	60.000000	1.030841e+05	2015	3	26	3
	298	71	-100.500000	57.250000	1.030925e+05	2015	3	26	6
	301	73	-99.750000	56.750000	1.031211e+05	2015	3	26	9
	301	78	-99.750000	55.500000	1.031720e+05	2015	3	26	12
	303	82	-99.250000	54.500000	1.032361e+05	2015	3	26	15
	306	86	-98.500000	53.500000	1.032276e+05	2015	3	26	18
	306	86	-98.500000	53.500000	1.030936e+05	2015	3	26	21
	309	90	-97.750000	52.500000	1.030397e+05	2015	3	27	0
start	7	2015	4	9	6
	273	118	-106.750000	45.500000	1.020908e+05	2015	4	9	6
	258	121	-110.500000	44.750000	1.025638e+05	2015	4	9	15
	277	124	-105.750000	44.000000	1.024168e+05	2015	4	9	18
	278	124	-105.500000	44.000000	1.021184e+05	2015	4	9	21
	288	140	-103.000000	40.000000	1.020731e+05	2015	4	10	0
	302	146	-99.500000	38.500000	1.023284e+05	2015	4	10	3
	298	150	-100.500000	37.500000	1.023871e+05	2015	4	10	6
start	16	2015	4	10	18
	0	120	-175.000000	45.000000	1.032514e+05	2015	4	10	18
	0	117	-175.000000	45.750000	1.032319e+05	2015	4	11	0
	0	117	-175.000000	45.750000	1.031919e+05	2015	4	11	3
	0	120	-175.000000	45.000000	1.031969e+05	2015	4	11	6
	0	122	-175.000000	44.500000	1.032857e+05	2015	4	11	9
	0	124	-175.000000	44.000000	1.033235e+05	2015	4	11	12
	0	126	-175.000000	43.500000	1.033444e+05	2015	4	11	15
	0	128	-175.000000	43.000000	1.034491e+05	2015	4	11	18
	0	129	-175.000000	42.750000	1.035229e+05	2015	4	11	21
	0	130	-175.000000	42.500000	1.035092e+05	2015	4	12	0
	0	129	-175.000000	42.750000	1.034134e+05	2015	4	12	3
	0	131	-175.000000	42.250000	1.034026e+05	2015	4	12	6
	13	134	-171.750000	41.500000	1.034131e+05	2015	4	12	9
	19	135	-170.250000	41.250000	1.033384e+05	2015	4	12	12
	32	137	-167.000000	40.750000	1.032366e+05	2015	4	12	15
	40	139	-165.000000	40.250000	1.032684e+05	2015	4	12	18
start	68	2015	4	21	9
	0	114	-175.000000	46.500000	1.015980e+05	2015	4	21	9
	0	118	-175.000000	45.500000	1.017076e+05	2015	4	21	12
	0	124	-175.000000	44.000000	1.018349e+05	2015	4	21	15
	0	122	-175.000000	44.500000	1.020102e+05	2015	4	21	18
	0	122	-175.000000	44.500000	1.021988e+05	2015	4	21	21
	0	124	-175.000000	44.000000	1.023661e+05	2015	4	22	0
	0	124	-175.000000	44.000000	1.023462e+05	2015	4	22	3
	0	129	-175.000000	42.750000	1.023918e+05	2015	4	22	6
	0	131	-175.000000	42.250000	1.024771e+05	2015	4	22	9
	0	132	-175.000000	42.000000	1.023941e+05	2015	4	22	12
	0	137	-175.000000	40.750000	1.023377e+05	2015	4	22	15
	0	140	-175.000000	40.000000	1.023619e+05	2015	4	22	18
	0	141	-175.000000	39.750000	1.024012e+05	2015	4	22	21
	0	144	-175.000000	39.000000	1.023710e+05	2015	4	23	0
	0	142	-175.000000	39.500000	1.022931e+05	2015	4	23	3
	0	147	-175.000000	38.250000	1.022194e+05	2015	4	23	6
	0	149	-175.000000	37.750000	1.023055e+05	2015	4	23	9
	0	146	-175.000000	38.500000	1.022620e+05	2015	4	23	12
	0	146	-175.000000	38.500000	1.021272e+05	2015	4	23	15
	0	150	-175.000000	37.500000	1.022211e+05	2015	4	23	18
	0	149	-175.000000	37.750000	1.022282e+05	2015	4	23	21
	0	153	-175.000000	36.750000	1.021215e+05	2015	4	24	0
	0	150	-175.000000	37.500000	1.020509e+05	2015	4	24	3
	0	155	-175.000000	36.250000	1.020450e+05	2015	4	24	6
	0	154	-175.000000	36.500000	1.021175e+05	2015	4	24	9
	0	142	-175.000000	39.500000	1.025662e+05	2015	4	24	18
	0	142	-175.000000	39.500000	1.027592e+05	2015	4	24	21
	0	138	-175.000000	40.500000	1.029066e+05	2015	4	25	0
	0	137	-175.000000	40.750000	1.030601e+05	2015	4	25	3
	0	137	-175.000000	40.750000	1.032392e+05	2015	4	25	6
	0	138	-175.000000	40.500000	1.033881e+05	2015	4	25	9
	0	137	-175.000000	40.750000	1.034424e+05	2015	4	25	12
	0	132	-175.000000	42.000000	1.035125e+05	2015	4	25	15
	0	134	-175.000000	41.500000	1.036201e+05	2015	4	25	18
	0	134	-175.000000	41.500000	1.037421e+05	2015	4	25	21
	0	136	-175.000000	41.000000	1.037855e+05	2015	4	26	0
	0	134	-175.000000	41.500000	1.037404e+05	2015	4	26	3
	0	136	-175.000000	41.000000	1.037418e+05	2015	4	26	6
	0	143	-175.000000	39.250000	1.038029e+05	2015	4	26	9
	0	143	-175.000000	39.250000	1.037332e+05	2015	4	26	12
	3	142	-174.250000	39.500000	1.035909e+05	2015	4	26	15
	7	142	-173.250000	39.500000	1.036396e+05	2015	4	26	18
	14	146	-171.500000	38.500000	1.037286e+05	2015	4	26	21
	13	150	-171.750000	37.500000	1.036769e+05	2015	4	27	0
	22	148	-169.500000	38.000000	1.035767e+05	2015	4	27	3
	29	156	-167.750000	36.000000	1.035860e+05	2015	4	27	12
	0	160	-175.000000	35.000000	1.033057e+05	2015	4	27	21
	0	161	-175.000000	34.750000	1.032982e+05	2015	4	28	0
	0	162	-175.000000	34.500000	1.031332e+05	2015	4	28	3
	0	163	-175.000000	34.250000	1.030753e+05	2015	4	28	6
	0	164	-175.000000	34.000000	1.030501e+05	2015	4	28	12
	0	162	-175.000000	34.500000	1.029454e+05	2015	4	28	15
	0	163	-175.000000	34.250000	1.030009e+05	2015	4	28	18
	0	167	-175.000000	33.250000	1.030489e+05	2015	4	28	21
	0	162	-175.000000	34.500000	1.029204e+05	2015	4	29	0
	0	165	-175.000000	33.750000	1.027549e+05	2015	4	29	3
	0	164	-175.000000	34.000000	1.027702e+05	2015	4	29	6
	0	165	-175.000000	33.750000	1.028336e+05	2015	4	29	9
	0	167	-175.000000	33.250000	1.027458e+05	2015	4	29	12
	0	169	-175.000000	32.750000	1.025678e+05	2015	4	29	15
	0	169	-175.000000	32.750000	1.025725e+05	2015	4	29	18
	0	169	-175.000000	32.750000	1.024308e+05	2015	4	30	3
	0	172	-175.000000	32.000000	1.024188e+05	2015	4	30	6
	0	175	-175.000000	31.250000	1.025284e+05	2015	4	30	9
	0	173	-175.000000	31.750000	1.024661e+05	2015	4	30	12
	0	171	-175.000000	32.250000	1.024009e+05	2015	4	30	15
	0	178	-175.000000	30.500000	1.024753e+05	2015	4	30	18
	0	178	-175.000000	30.500000	1.025608e+05	2015	4	30	21
