start	11	2015	1	1	18
	580	119	-30.000000	45.250000	1.029084e+05	2015	1	1	18
	580	119	-30.000000	45.250000	1.030003e+05	2015	1	1	21
	580	116	-30.000000	46.000000	1.029409e+05	2015	1	2	0
	580	114	-30.000000	46.500000	1.026448e+05	2015	1	2	3
	580	99	-30.000000	50.250000	1.025182e+05	2015	1	2	6
	580	96	-30.000000	51.000000	1.024197e+05	2015	1	2	9
	580	89	-30.000000	52.750000	1.023512e+05	2015	1	2	12
	580	86	-30.000000	53.500000	1.021238e+05	2015	1	2	15
	580	84	-30.000000	54.000000	1.019348e+05	2015	1	2	18
	580	82	-30.000000	54.500000	1.018999e+05	2015	1	2	21
	580	73	-30.000000	56.750000	1.015022e+05	2015	1	3	3
start	14	2015	1	3	6
	402	110	-74.500000	47.500000	1.035099e+05	2015	1	3	6
	407	113	-73.250000	46.750000	1.037377e+05	2015	1	3	9
	415	123	-71.250000	44.250000	1.039589e+05	2015	1	3	12
	418	119	-70.500000	45.250000	1.041188e+05	2015	1	3	15
	429	114	-67.750000	46.500000	1.040999e+05	2015	1	3	18
	432	114	-67.000000	46.500000	1.040953e+05	2015	1	3	21
	440	117	-65.000000	45.750000	1.041664e+05	2015	1	4	0
	450	120	-62.500000	45.000000	1.041385e+05	2015	1	4	3
	465	129	-58.750000	42.750000	1.039569e+05	2015	1	4	6
	471	123	-57.250000	44.250000	1.038692e+05	2015	1	4	9
	497	133	-50.750000	41.750000	1.039166e+05	2015	1	4	15
	507	146	-48.250000	38.500000	1.037891e+05	2015	1	4	21
	515	146	-46.250000	38.500000	1.037671e+05	2015	1	5	0
	519	155	-45.250000	36.250000	1.036532e+05	2015	1	5	3
start	10	2015	1	3	9
	0	174	-175.000000	31.500000	1.018929e+05	2015	1	3	9
	0	181	-175.000000	29.750000	1.017366e+05	2015	1	3	21
	0	193	-175.000000	26.750000	1.014591e+05	2015	1	4	0
	0	193	-175.000000	26.750000	1.013892e+05	2015	1	4	3
	0	198	-175.000000	25.500000	1.014387e+05	2015	1	4	6
	0	200	-175.000000	25.000000	1.014512e+05	2015	1	4	9
	0	199	-175.000000	25.250000	1.013897e+05	2015	1	4	12
	0	201	-175.000000	24.750000	1.013199e+05	2015	1	4	15
	0	203	-175.000000	24.250000	1.014124e+05	2015	1	4	18
	0	207	-175.000000	23.250000	1.016126e+05	2015	1	4	21
start	7	2015	1	4	6
	235	82	-116.250000	54.500000	1.048564e+05	2015	1	4	6
	260	96	-110.000000	51.000000	1.048284e+05	2015	1	4	12
	253	96	-111.750000	51.000000	1.048764e+05	2015	1	4	15
	255	96	-111.250000	51.000000	1.049684e+05	2015	1	4	18
	258	96	-110.500000	51.000000	1.047174e+05	2015	1	4	21
	274	114	-106.500000	46.500000	1.047099e+05	2015	1	5	0
	275	124	-106.250000	44.000000	1.045892e+05	2015	1	5	3
start	14	2015	1	5	15
	4	36	-174.000000	66.000000	1.036270e+05	2015	1	5	15
	0	23	-175.000000	69.250000	1.038860e+05	2015	1	5	18
	3	25	-174.250000	68.750000	1.040801e+05	2015	1	5	21
	7	22	-173.250000	69.500000	1.041954e+05	2015	1	6	0
	16	21	-171.000000	69.750000	1.042953e+05	2015	1	6	3
	22	19	-169.500000	70.250000	1.044311e+05	2015	1	6	6
	20	15	-170.000000	71.250000	1.045829e+05	2015	1	6	9
	30	15	-167.500000	71.250000	1.046691e+05	2015	1	6	12
	37	11	-165.750000	72.250000	1.047821e+05	2015	1	6	15
	53	11	-161.750000	72.250000	1.048410e+05	2015	1	6	18
	65	12	-158.750000	72.000000	1.049354e+05	2015	1	6	21
	77	10	-155.750000	72.500000	1.050059e+05	2015	1	7	0
	90	14	-152.500000	71.500000	1.050208e+05	2015	1	7	3
	96	12	-151.000000	72.000000	1.050346e+05	2015	1	7	6
start	12	2015	1	6	15
	232	70	-117.000000	57.500000	1.050056e+05	2015	1	6	15
	249	78	-112.750000	55.500000	1.052620e+05	2015	1	6	18
	246	85	-113.500000	53.750000	1.053692e+05	2015	1	6	21
	257	88	-110.750000	53.000000	1.055249e+05	2015	1	7	0
	265	94	-108.750000	51.500000	1.057273e+05	2015	1	7	3
	269	95	-107.750000	51.250000	1.058481e+05	2015	1	7	6
	280	114	-105.000000	46.500000	1.059957e+05	2015	1	7	9
	281	120	-104.750000	45.000000	1.060342e+05	2015	1	7	12
	291	132	-102.250000	42.000000	1.061321e+05	2015	1	7	15
	300	133	-100.000000	41.750000	1.059960e+05	2015	1	7	18
	310	132	-97.500000	42.000000	1.055916e+05	2015	1	7	21
	315	144	-96.250000	39.000000	1.053476e+05	2015	1	8	0
start	22	2015	1	9	15
	190	61	-127.500000	59.750000	1.032402e+05	2015	1	9	15
	190	61	-127.500000	59.750000	1.030991e+05	2015	1	9	18
	228	54	-118.000000	61.500000	1.029998e+05	2015	1	10	3
	237	59	-115.750000	60.250000	1.029822e+05	2015	1	10	6
	246	66	-113.500000	58.500000	1.029757e+05	2015	1	10	9
	255	73	-111.250000	56.750000	1.029094e+05	2015	1	10	12
	262	82	-109.500000	54.500000	1.029537e+05	2015	1	10	15
	269	83	-107.750000	54.250000	1.029471e+05	2015	1	10	18
	264	87	-109.000000	53.250000	1.028305e+05	2015	1	10	21
	266	88	-108.500000	53.000000	1.030226e+05	2015	1	11	9
	255	102	-111.250000	49.500000	1.032234e+05	2015	1	11	12
	256	102	-111.000000	49.500000	1.033322e+05	2015	1	11	15
	265	88	-108.750000	53.000000	1.036770e+05	2015	1	11	21
	288	94	-103.000000	51.500000	1.040959e+05	2015	1	12	3
	295	100	-101.250000	50.000000	1.043209e+05	2015	1	12	6
	303	103	-99.250000	49.250000	1.045401e+05	2015	1	12	9
	303	107	-99.250000	48.250000	1.046921e+05	2015	1	12	12
	307	112	-98.250000	47.000000	1.048966e+05	2015	1	12	15
	304	121	-99.000000	44.750000	1.049292e+05	2015	1	12	18
	305	122	-98.750000	44.500000	1.047470e+05	2015	1	12	21
	307	126	-98.250000	43.500000	1.047225e+05	2015	1	13	0
	323	124	-94.250000	44.000000	1.046442e+05	2015	1	13	6
start	11	2015	1	9	15
	504	133	-49.000000	41.750000	1.036235e+05	2015	1	9	15
	509	131	-47.750000	42.250000	1.038141e+05	2015	1	9	18
	512	131	-47.000000	42.250000	1.040488e+05	2015	1	9	21
	513	131	-46.750000	42.250000	1.041272e+05	2015	1	10	0
	538	127	-40.500000	43.250000	1.040531e+05	2015	1	10	3
	549	125	-37.750000	43.750000	1.041197e+05	2015	1	10	6
	553	126	-36.750000	43.500000	1.041387e+05	2015	1	10	9
	562	124	-34.500000	44.000000	1.041656e+05	2015	1	10	12
	571	122	-32.250000	44.500000	1.039774e+05	2015	1	10	15
	580	122	-30.000000	44.500000	1.039299e+05	2015	1	10	18
	579	125	-30.250000	43.750000	1.039712e+05	2015	1	10	21
start	55	2015	1	12	6
	0	3	-175.000000	74.250000	1.028357e+05	2015	1	12	6
	0	3	-175.000000	74.250000	1.028719e+05	2015	1	12	9
	0	3	-175.000000	74.250000	1.028929e+05	2015	1	12	18
	0	3	-175.000000	74.250000	1.029355e+05	2015	1	12	21
	0	2	-175.000000	74.500000	1.028944e+05	2015	1	13	3
	0	3	-175.000000	74.250000	1.028597e+05	2015	1	13	6
	4	1	-174.000000	74.750000	1.028528e+05	2015	1	13	9
	0	2	-175.000000	74.500000	1.028489e+05	2015	1	13	12
	2	0	-174.500000	75.000000	1.027716e+05	2015	1	13	15
	0	1	-175.000000	74.750000	1.027237e+05	2015	1	13	18
	4	1	-174.000000	74.750000	1.027209e+05	2015	1	13	21
	4	0	-174.000000	75.000000	1.027672e+05	2015	1	14	0
	4	0	-174.000000	75.000000	1.026788e+05	2015	1	14	3
	11	0	-172.250000	75.000000	1.026887e+05	2015	1	14	9
	5	0	-173.750000	75.000000	1.026421e+05	2015	1	14	12
	21	0	-169.750000	75.000000	1.023516e+05	2015	1	15	0
	0	0	-175.000000	75.000000	1.020829e+05	2015	1	15	6
	0	0	-175.000000	75.000000	1.020144e+05	2015	1	15	9
	0	0	-175.000000	75.000000	1.019779e+05	2015	1	15	12
	0	0	-175.000000	75.000000	1.018852e+05	2015	1	15	15
	0	0	-175.000000	75.000000	1.017982e+05	2015	1	15	18
	0	0	-175.000000	75.000000	1.017540e+05	2015	1	15	21
	0	0	-175.000000	75.000000	1.017736e+05	2015	1	16	0
	0	0	-175.000000	75.000000	1.016902e+05	2015	1	16	3
	0	0	-175.000000	75.000000	1.016428e+05	2015	1	16	6
	0	0	-175.000000	75.000000	1.016738e+05	2015	1	16	9
	0	0	-175.000000	75.000000	1.017193e+05	2015	1	16	12
	0	0	-175.000000	75.000000	1.017512e+05	2015	1	16	15
	0	0	-175.000000	75.000000	1.017961e+05	2015	1	16	18
	0	0	-175.000000	75.000000	1.018460e+05	2015	1	16	21
	0	0	-175.000000	75.000000	1.019129e+05	2015	1	17	0
	0	0	-175.000000	75.000000	1.019393e+05	2015	1	17	3
	0	0	-175.000000	75.000000	1.019380e+05	2015	1	17	6
	0	0	-175.000000	75.000000	1.019625e+05	2015	1	17	9
	0	0	-175.000000	75.000000	1.019809e+05	2015	1	17	12
	0	0	-175.000000	75.000000	1.019618e+05	2015	1	17	15
	0	0	-175.000000	75.000000	1.019165e+05	2015	1	17	18
	0	0	-175.000000	75.000000	1.018763e+05	2015	1	17	21
	0	0	-175.000000	75.000000	1.018905e+05	2015	1	18	0
	0	0	-175.000000	75.000000	1.018331e+05	2015	1	18	3
	0	0	-175.000000	75.000000	1.018228e+05	2015	1	18	6
	0	0	-175.000000	75.000000	1.017651e+05	2015	1	18	9
	0	0	-175.000000	75.000000	1.017707e+05	2015	1	18	12
	0	0	-175.000000	75.000000	1.016955e+05	2015	1	18	15
	0	0	-175.000000	75.000000	1.017079e+05	2015	1	18	18
	0	0	-175.000000	75.000000	1.016814e+05	2015	1	18	21
	0	0	-175.000000	75.000000	1.017454e+05	2015	1	19	0
	0	0	-175.000000	75.000000	1.017338e+05	2015	1	19	3
	88	0	-153.000000	75.000000	1.017502e+05	2015	1	19	6
	99	0	-150.250000	75.000000	1.018521e+05	2015	1	19	9
	116	0	-146.000000	75.000000	1.020529e+05	2015	1	19	12
	128	0	-143.000000	75.000000	1.021058e+05	2015	1	19	15
	123	0	-144.250000	75.000000	1.021968e+05	2015	1	19	18
	144	0	-139.000000	75.000000	1.023808e+05	2015	1	19	21
	156	0	-136.000000	75.000000	1.025637e+05	2015	1	20	0
start	23	2015	1	14	12
	171	34	-132.250000	66.500000	1.026636e+05	2015	1	14	12
	188	34	-128.000000	66.500000	1.027528e+05	2015	1	14	15
	188	34	-128.000000	66.500000	1.028263e+05	2015	1	14	18
	201	35	-124.750000	66.250000	1.028984e+05	2015	1	14	21
	204	36	-124.000000	66.000000	1.028701e+05	2015	1	15	0
	215	43	-121.250000	64.250000	1.029056e+05	2015	1	15	3
	230	42	-117.500000	64.500000	1.029062e+05	2015	1	15	6
	234	51	-116.500000	62.250000	1.028714e+05	2015	1	15	9
	263	49	-109.250000	62.750000	1.029031e+05	2015	1	15	12
	263	49	-109.250000	62.750000	1.028612e+05	2015	1	15	15
	278	59	-105.500000	60.250000	1.028924e+05	2015	1	15	18
	290	59	-102.500000	60.250000	1.028200e+05	2015	1	15	21
	292	65	-102.000000	58.750000	1.027583e+05	2015	1	16	0
	302	71	-99.500000	57.250000	1.027238e+05	2015	1	16	3
	305	78	-98.750000	55.500000	1.026455e+05	2015	1	16	6
	324	88	-94.000000	53.000000	1.027058e+05	2015	1	16	9
	340	104	-90.000000	49.000000	1.027221e+05	2015	1	16	12
	340	107	-90.000000	48.250000	1.028090e+05	2015	1	16	15
	346	100	-88.500000	50.000000	1.027418e+05	2015	1	16	18
	356	105	-86.000000	48.750000	1.026830e+05	2015	1	16	21
	370	109	-82.500000	47.750000	1.027669e+05	2015	1	17	0
	389	116	-77.750000	46.000000	1.029882e+05	2015	1	17	6
	390	122	-77.500000	44.500000	1.029860e+05	2015	1	17	9
start	6	2015	1	16	9
	515	46	-46.250000	63.500000	1.013688e+05	2015	1	16	9
	511	37	-47.250000	65.750000	1.014488e+05	2015	1	16	12
	514	33	-46.500000	66.750000	1.017262e+05	2015	1	16	15
	514	29	-46.500000	67.750000	1.018301e+05	2015	1	16	18
	516	25	-46.000000	68.750000	1.019588e+05	2015	1	16	21
	533	12	-41.750000	72.000000	1.024440e+05	2015	1	17	6
start	22	2015	1	17	15
	316	32	-96.000000	67.000000	1.019208e+05	2015	1	17	15
	287	43	-103.250000	64.250000	1.019898e+05	2015	1	17	18
	290	43	-102.500000	64.250000	1.020996e+05	2015	1	17	21
	290	43	-102.500000	64.250000	1.021128e+05	2015	1	18	0
	308	50	-98.000000	62.500000	1.020476e+05	2015	1	18	3
	308	50	-98.000000	62.500000	1.021008e+05	2015	1	18	6
	311	58	-97.250000	60.500000	1.021424e+05	2015	1	18	9
	316	66	-96.000000	58.500000	1.021949e+05	2015	1	18	12
	316	70	-96.000000	57.500000	1.022240e+05	2015	1	18	15
	322	74	-94.500000	56.500000	1.022666e+05	2015	1	18	18
	340	75	-90.000000	56.250000	1.023807e+05	2015	1	18	21
	349	80	-87.750000	55.000000	1.025979e+05	2015	1	19	0
	355	82	-86.250000	54.500000	1.026918e+05	2015	1	19	3
	374	76	-81.500000	56.000000	1.028045e+05	2015	1	19	6
	415	71	-71.250000	57.250000	1.031977e+05	2015	1	19	12
	420	70	-70.000000	57.500000	1.032635e+05	2015	1	19	15
	436	67	-66.000000	58.250000	1.031632e+05	2015	1	19	18
	436	65	-66.000000	58.750000	1.031685e+05	2015	1	19	21
	420	66	-70.000000	58.500000	1.030874e+05	2015	1	20	0
	422	64	-69.500000	59.000000	1.029885e+05	2015	1	20	3
	408	63	-73.000000	59.250000	1.028320e+05	2015	1	20	6
	412	60	-72.000000	60.000000	1.027122e+05	2015	1	20	9
start	115	2015	1	17	21
	414	141	-71.500000	39.750000	1.028928e+05	2015	1	17	21
	424	140	-69.000000	40.000000	1.030160e+05	2015	1	18	0
	452	133	-62.000000	41.750000	1.031459e+05	2015	1	18	9
	470	130	-57.500000	42.500000	1.034772e+05	2015	1	18	12
	479	130	-55.250000	42.500000	1.036760e+05	2015	1	18	15
	495	127	-51.250000	43.250000	1.036711e+05	2015	1	18	18
	501	129	-49.750000	42.750000	1.039134e+05	2015	1	18	21
	508	120	-48.000000	45.000000	1.040151e+05	2015	1	19	0
	522	122	-44.500000	44.500000	1.040235e+05	2015	1	19	3
	522	119	-44.500000	45.250000	1.040005e+05	2015	1	19	6
	534	116	-41.500000	46.000000	1.040907e+05	2015	1	19	12
	551	120	-37.250000	45.000000	1.038698e+05	2015	1	19	18
	562	123	-34.500000	44.250000	1.038915e+05	2015	1	19	21
	564	124	-34.000000	44.000000	1.038769e+05	2015	1	20	0
	569	128	-32.750000	43.000000	1.038010e+05	2015	1	20	3
	571	125	-32.250000	43.750000	1.036925e+05	2015	1	20	6
	576	128	-31.000000	43.000000	1.036758e+05	2015	1	20	9
	579	128	-30.250000	43.000000	1.037576e+05	2015	1	20	12
	580	129	-30.000000	42.750000	1.035981e+05	2015	1	20	15
	580	131	-30.000000	42.250000	1.035013e+05	2015	1	20	18
	580	132	-30.000000	42.000000	1.035089e+05	2015	1	20	21
	580	135	-30.000000	41.250000	1.035078e+05	2015	1	21	0
	580	135	-30.000000	41.250000	1.034066e+05	2015	1	21	3
	580	137	-30.000000	40.750000	1.033428e+05	2015	1	21	6
	580	137	-30.000000	40.750000	1.033588e+05	2015	1	21	9
	580	143	-30.000000	39.250000	1.034461e+05	2015	1	21	12
	580	144	-30.000000	39.000000	1.032746e+05	2015	1	21	15
	580	144	-30.000000	39.000000	1.032668e+05	2015	1	21	18
	580	146	-30.000000	38.500000	1.033928e+05	2015	1	21	21
	580	146	-30.000000	38.500000	1.034338e+05	2015	1	22	0
	580	152	-30.000000	37.000000	1.033617e+05	2015	1	22	3
	580	150	-30.000000	37.500000	1.033439e+05	2015	1	22	6
	580	150	-30.000000	37.500000	1.033969e+05	2015	1	22	9
	580	154	-30.000000	36.500000	1.034587e+05	2015	1	22	12
	580	149	-30.000000	37.750000	1.033038e+05	2015	1	22	15
	580	150	-30.000000	37.500000	1.032791e+05	2015	1	22	18
	580	152	-30.000000	37.000000	1.033541e+05	2015	1	22	21
	580	152	-30.000000	37.000000	1.033834e+05	2015	1	23	0
	580	154	-30.000000	36.500000	1.033094e+05	2015	1	23	3
	580	153	-30.000000	36.750000	1.032026e+05	2015	1	23	6
	580	154	-30.000000	36.500000	1.032144e+05	2015	1	23	9
	580	154	-30.000000	36.500000	1.033175e+05	2015	1	23	12
	580	157	-30.000000	35.750000	1.031374e+05	2015	1	23	15
	580	156	-30.000000	36.000000	1.030772e+05	2015	1	23	18
	580	155	-30.000000	36.250000	1.031302e+05	2015	1	23	21
	580	163	-30.000000	34.250000	1.031284e+05	2015	1	24	0
	580	163	-30.000000	34.250000	1.030032e+05	2015	1	24	3
	580	162	-30.000000	34.500000	1.028878e+05	2015	1	24	6
	580	160	-30.000000	35.000000	1.028814e+05	2015	1	24	9
	580	162	-30.000000	34.500000	1.029641e+05	2015	1	24	12
	580	159	-30.000000	35.250000	1.027574e+05	2015	1	24	15
	580	161	-30.000000	34.750000	1.027315e+05	2015	1	24	18
	580	161	-30.000000	34.750000	1.027864e+05	2015	1	24	21
	580	163	-30.000000	34.250000	1.027645e+05	2015	1	25	0
	580	161	-30.000000	34.750000	1.027306e+05	2015	1	25	3
	580	159	-30.000000	35.250000	1.027112e+05	2015	1	25	6
	580	158	-30.000000	35.500000	1.028011e+05	2015	1	25	9
	580	154	-30.000000	36.500000	1.029507e+05	2015	1	25	12
	580	153	-30.000000	36.750000	1.028909e+05	2015	1	25	15
	580	150	-30.000000	37.500000	1.030926e+05	2015	1	25	21
	580	147	-30.000000	38.250000	1.031968e+05	2015	1	26	0
	580	151	-30.000000	37.250000	1.032211e+05	2015	1	26	3
	580	147	-30.000000	38.250000	1.032743e+05	2015	1	26	6
	580	148	-30.000000	38.000000	1.033843e+05	2015	1	26	9
	580	148	-30.000000	38.000000	1.035626e+05	2015	1	26	12
	580	147	-30.000000	38.250000	1.035289e+05	2015	1	26	15
	580	146	-30.000000	38.500000	1.035895e+05	2015	1	26	18
	580	146	-30.000000	38.500000	1.037519e+05	2015	1	26	21
	580	143	-30.000000	39.250000	1.038611e+05	2015	1	27	0
	580	145	-30.000000	38.750000	1.039102e+05	2015	1	27	3
	580	144	-30.000000	39.000000	1.039278e+05	2015	1	27	6
	580	146	-30.000000	38.500000	1.039796e+05	2015	1	27	9
	580	144	-30.000000	39.000000	1.041682e+05	2015	1	27	12
	578	138	-30.500000	40.500000	1.040298e+05	2015	1	27	15
	580	146	-30.000000	38.500000	1.040533e+05	2015	1	27	18
	580	144	-30.000000	39.000000	1.041673e+05	2015	1	27	21
	580	143	-30.000000	39.250000	1.042151e+05	2015	1	28	0
	580	143	-30.000000	39.250000	1.041391e+05	2015	1	28	3
	580	144	-30.000000	39.000000	1.040558e+05	2015	1	28	6
	580	144	-30.000000	39.000000	1.040678e+05	2015	1	28	9
	579	142	-30.250000	39.500000	1.041369e+05	2015	1	28	12
	566	144	-33.500000	39.000000	1.040452e+05	2015	1	28	15
	579	145	-30.250000	38.750000	1.039476e+05	2015	1	28	18
	580	145	-30.000000	38.750000	1.039666e+05	2015	1	28	21
	580	145	-30.000000	38.750000	1.040131e+05	2015	1	29	0
	579	145	-30.250000	38.750000	1.039073e+05	2015	1	29	3
	577	145	-30.750000	38.750000	1.038119e+05	2015	1	29	6
	580	147	-30.000000	38.250000	1.038005e+05	2015	1	29	9
	574	144	-31.500000	39.000000	1.039181e+05	2015	1	29	12
	570	145	-32.500000	38.750000	1.037448e+05	2015	1	29	15
	567	145	-33.250000	38.750000	1.036217e+05	2015	1	29	18
	580	148	-30.000000	38.000000	1.036716e+05	2015	1	29	21
	580	148	-30.000000	38.000000	1.036369e+05	2015	1	30	0
	580	153	-30.000000	36.750000	1.035112e+05	2015	1	30	3
	572	142	-32.000000	39.500000	1.034117e+05	2015	1	30	6
	580	153	-30.000000	36.750000	1.034396e+05	2015	1	30	9
	580	153	-30.000000	36.750000	1.034443e+05	2015	1	30	12
	580	153	-30.000000	36.750000	1.032441e+05	2015	1	30	15
	574	145	-31.500000	38.750000	1.031222e+05	2015	1	30	18
	569	142	-32.750000	39.500000	1.032036e+05	2015	1	30	21
	572	143	-32.000000	39.250000	1.032477e+05	2015	1	31	0
	572	143	-32.000000	39.250000	1.031978e+05	2015	1	31	3
	569	136	-32.750000	41.000000	1.032004e+05	2015	1	31	12
	569	137	-32.750000	40.750000	1.031227e+05	2015	1	31	15
	573	136	-31.750000	41.000000	1.030969e+05	2015	1	31	18
	573	135	-31.750000	41.250000	1.031790e+05	2015	1	31	21
	578	134	-30.500000	41.500000	1.032301e+05	2015	2	1	0
	579	134	-30.250000	41.500000	1.031252e+05	2015	2	1	3
	579	135	-30.250000	41.250000	1.029968e+05	2015	2	1	6
	580	131	-30.000000	42.250000	1.030342e+05	2015	2	1	9
	580	133	-30.000000	41.750000	1.031097e+05	2015	2	1	12
	580	134	-30.000000	41.500000	1.029434e+05	2015	2	1	15
	580	128	-30.000000	43.000000	1.028326e+05	2015	2	1	18
	580	133	-30.000000	41.750000	1.028246e+05	2015	2	1	21
	580	133	-30.000000	41.750000	1.027878e+05	2015	2	2	0
start	111	2015	1	20	12
	0	32	-175.000000	67.000000	1.016886e+05	2015	1	20	12
	0	32	-175.000000	67.000000	1.017136e+05	2015	1	20	15
	0	32	-175.000000	67.000000	1.017641e+05	2015	1	20	18
	0	33	-175.000000	66.750000	1.018399e+05	2015	1	20	21
	0	34	-175.000000	66.500000	1.018768e+05	2015	1	21	0
	0	34	-175.000000	66.500000	1.018571e+05	2015	1	21	3
	0	34	-175.000000	66.500000	1.018796e+05	2015	1	21	6
	0	37	-175.000000	65.750000	1.019402e+05	2015	1	21	9
	0	37	-175.000000	65.750000	1.019853e+05	2015	1	21	12
	0	37	-175.000000	65.750000	1.019876e+05	2015	1	21	15
	0	37	-175.000000	65.750000	1.019745e+05	2015	1	21	18
	0	37	-175.000000	65.750000	1.020211e+05	2015	1	21	21
	0	34	-175.000000	66.500000	1.020185e+05	2015	1	22	0
	0	35	-175.000000	66.250000	1.019759e+05	2015	1	22	3
	0	34	-175.000000	66.500000	1.019971e+05	2015	1	22	6
	0	37	-175.000000	65.750000	1.020359e+05	2015	1	22	9
	0	32	-175.000000	67.000000	1.020542e+05	2015	1	22	12
	0	36	-175.000000	66.000000	1.020700e+05	2015	1	22	15
	0	32	-175.000000	67.000000	1.020396e+05	2015	1	22	18
	1	36	-174.750000	66.000000	1.021623e+05	2015	1	22	21
	0	31	-175.000000	67.250000	1.021109e+05	2015	1	23	0
	0	31	-175.000000	67.250000	1.020754e+05	2015	1	23	3
	0	31	-175.000000	67.250000	1.021059e+05	2015	1	23	6
	0	31	-175.000000	67.250000	1.021474e+05	2015	1	23	9
	0	31	-175.000000	67.250000	1.021735e+05	2015	1	23	12
	0	31	-175.000000	67.250000	1.021902e+05	2015	1	23	15
	0	31	-175.000000	67.250000	1.022178e+05	2015	1	23	18
	0	31	-175.000000	67.250000	1.023164e+05	2015	1	23	21
	0	31	-175.000000	67.250000	1.022766e+05	2015	1	24	0
	0	31	-175.000000	67.250000	1.023332e+05	2015	1	24	3
	0	31	-175.000000	67.250000	1.023952e+05	2015	1	24	6
	0	31	-175.000000	67.250000	1.024381e+05	2015	1	24	9
	0	31	-175.000000	67.250000	1.024556e+05	2015	1	24	12
	0	31	-175.000000	67.250000	1.024686e+05	2015	1	24	15
	0	31	-175.000000	67.250000	1.024880e+05	2015	1	24	18
	0	31	-175.000000	67.250000	1.025181e+05	2015	1	24	21
	4	20	-174.000000	70.000000	1.023824e+05	2015	1	25	3
	13	23	-171.750000	69.250000	1.023372e+05	2015	1	25	6
	13	23	-171.750000	69.250000	1.023732e+05	2015	1	25	12
	16	23	-171.000000	69.250000	1.023761e+05	2015	1	25	15
	22	23	-169.500000	69.250000	1.023854e+05	2015	1	25	18
	22	24	-169.500000	69.000000	1.024499e+05	2015	1	25	21
	49	22	-162.750000	69.500000	1.024753e+05	2015	1	26	0
	92	34	-152.000000	66.500000	1.028766e+05	2015	1	26	12
	92	34	-152.000000	66.500000	1.029099e+05	2015	1	26	15
	137	42	-140.750000	64.500000	1.028990e+05	2015	1	26	18
	137	42	-140.750000	64.500000	1.029371e+05	2015	1	26	21
	147	45	-138.250000	63.750000	1.030339e+05	2015	1	27	0
	147	45	-138.250000	63.750000	1.029758e+05	2015	1	27	3
	147	45	-138.250000	63.750000	1.028630e+05	2015	1	27	6
	143	46	-139.250000	63.500000	1.029324e+05	2015	1	27	12
	143	46	-139.250000	63.500000	1.029270e+05	2015	1	27	15
	143	46	-139.250000	63.500000	1.030353e+05	2015	1	27	18
	143	46	-139.250000	63.500000	1.030991e+05	2015	1	27	21
	143	46	-139.250000	63.500000	1.032859e+05	2015	1	28	0
	143	45	-139.250000	63.750000	1.034309e+05	2015	1	28	3
	143	45	-139.250000	63.750000	1.035001e+05	2015	1	28	6
	165	45	-133.750000	63.750000	1.036100e+05	2015	1	28	9
	165	45	-133.750000	63.750000	1.039346e+05	2015	1	28	12
	165	45	-133.750000	63.750000	1.039722e+05	2015	1	28	15
	165	45	-133.750000	63.750000	1.040476e+05	2015	1	28	18
	165	45	-133.750000	63.750000	1.039913e+05	2015	1	28	21
	165	45	-133.750000	63.750000	1.039869e+05	2015	1	29	0
	142	28	-139.500000	68.000000	1.039528e+05	2015	1	29	3
	142	28	-139.500000	68.000000	1.039536e+05	2015	1	29	6
	142	29	-139.500000	67.750000	1.039700e+05	2015	1	29	9
	142	28	-139.500000	68.000000	1.040513e+05	2015	1	29	12
	142	28	-139.500000	68.000000	1.040896e+05	2015	1	29	15
	142	28	-139.500000	68.000000	1.042364e+05	2015	1	29	18
	142	28	-139.500000	68.000000	1.043278e+05	2015	1	29	21
	142	29	-139.500000	67.750000	1.044014e+05	2015	1	30	0
	142	28	-139.500000	68.000000	1.045494e+05	2015	1	30	3
	142	28	-139.500000	68.000000	1.045992e+05	2015	1	30	6
	116	33	-146.000000	66.750000	1.047051e+05	2015	1	30	9
	116	33	-146.000000	66.750000	1.048528e+05	2015	1	30	12
	116	33	-146.000000	66.750000	1.048791e+05	2015	1	30	15
	116	33	-146.000000	66.750000	1.049284e+05	2015	1	30	18
	116	33	-146.000000	66.750000	1.048844e+05	2015	1	30	21
	147	45	-138.250000	63.750000	1.050017e+05	2015	1	31	0
	147	45	-138.250000	63.750000	1.050788e+05	2015	1	31	3
	147	45	-138.250000	63.750000	1.050832e+05	2015	1	31	6
	165	45	-133.750000	63.750000	1.050849e+05	2015	1	31	9
	165	45	-133.750000	63.750000	1.053166e+05	2015	1	31	12
	165	45	-133.750000	63.750000	1.051712e+05	2015	1	31	15
	165	45	-133.750000	63.750000	1.049992e+05	2015	1	31	18
	165	45	-133.750000	63.750000	1.049218e+05	2015	1	31	21
	165	45	-133.750000	63.750000	1.049521e+05	2015	2	1	0
	165	45	-133.750000	63.750000	1.048164e+05	2015	2	1	3
	165	45	-133.750000	63.750000	1.047213e+05	2015	2	1	6
	165	45	-133.750000	63.750000	1.046177e+05	2015	2	1	9
	165	45	-133.750000	63.750000	1.046692e+05	2015	2	1	12
	165	45	-133.750000	63.750000	1.045469e+05	2015	2	1	15
	165	45	-133.750000	63.750000	1.045134e+05	2015	2	1	18
	165	45	-133.750000	63.750000	1.044396e+05	2015	2	1	21
	165	45	-133.750000	63.750000	1.044448e+05	2015	2	2	0
	165	45	-133.750000	63.750000	1.043388e+05	2015	2	2	3
	165	45	-133.750000	63.750000	1.042194e+05	2015	2	2	6
	165	45	-133.750000	63.750000	1.041294e+05	2015	2	2	9
	165	45	-133.750000	63.750000	1.041661e+05	2015	2	2	12
	165	45	-133.750000	63.750000	1.039378e+05	2015	2	2	15
	165	45	-133.750000	63.750000	1.037122e+05	2015	2	2	18
	165	45	-133.750000	63.750000	1.035545e+05	2015	2	2	21
	165	45	-133.750000	63.750000	1.034592e+05	2015	2	3	0
	165	45	-133.750000	63.750000	1.033243e+05	2015	2	3	3
	174	52	-131.500000	62.000000	1.031511e+05	2015	2	3	6
	190	61	-127.500000	59.750000	1.031700e+05	2015	2	3	9
	190	61	-127.500000	59.750000	1.033118e+05	2015	2	3	12
	190	61	-127.500000	59.750000	1.031762e+05	2015	2	3	15
	165	45	-133.750000	63.750000	1.028780e+05	2015	2	4	0
	143	45	-139.250000	63.750000	1.028404e+05	2015	2	4	3
	165	45	-133.750000	63.750000	1.027863e+05	2015	2	4	6
start	11	2015	1	22	3
	139	0	-140.250000	75.000000	1.015504e+05	2015	1	22	3
	148	0	-138.000000	75.000000	1.015374e+05	2015	1	22	6
	148	0	-138.000000	75.000000	1.016092e+05	2015	1	22	9
	148	0	-138.000000	75.000000	1.016637e+05	2015	1	22	12
	156	0	-136.000000	75.000000	1.017255e+05	2015	1	22	15
	176	0	-131.000000	75.000000	1.018181e+05	2015	1	22	18
	184	0	-129.000000	75.000000	1.019943e+05	2015	1	22	21
	208	0	-123.000000	75.000000	1.020917e+05	2015	1	23	0
	211	0	-122.250000	75.000000	1.021759e+05	2015	1	23	3
	248	8	-113.000000	73.000000	1.023284e+05	2015	1	23	6
	257	9	-110.750000	72.750000	1.025555e+05	2015	1	23	12
start	20	2015	1	22	6
	0	220	-175.000000	20.000000	1.013361e+05	2015	1	22	6
	0	220	-175.000000	20.000000	1.014884e+05	2015	1	22	9
	0	217	-175.000000	20.750000	1.014479e+05	2015	1	22	12
	0	218	-175.000000	20.500000	1.013892e+05	2015	1	22	15
	0	207	-175.000000	23.250000	1.015184e+05	2015	1	22	18
	0	214	-175.000000	21.500000	1.017458e+05	2015	1	22	21
	0	216	-175.000000	21.000000	1.016234e+05	2015	1	23	0
	0	217	-175.000000	20.750000	1.016146e+05	2015	1	23	3
	0	214	-175.000000	21.500000	1.016724e+05	2015	1	23	6
	0	208	-175.000000	23.000000	1.017644e+05	2015	1	23	9
	0	198	-175.000000	25.500000	1.017988e+05	2015	1	23	12
	0	206	-175.000000	23.500000	1.017562e+05	2015	1	23	15
	0	206	-175.000000	23.500000	1.018328e+05	2015	1	23	18
	0	196	-175.000000	26.000000	1.020342e+05	2015	1	23	21
	0	194	-175.000000	26.500000	1.019486e+05	2015	1	24	0
	0	194	-175.000000	26.500000	1.019482e+05	2015	1	24	3
	0	184	-175.000000	29.000000	1.022923e+05	2015	1	24	12
	0	181	-175.000000	29.750000	1.022586e+05	2015	1	24	15
	0	182	-175.000000	29.500000	1.023310e+05	2015	1	24	18
	14	186	-171.500000	28.500000	1.024796e+05	2015	1	24	21
start	27	2015	1	25	3
	316	72	-96.000000	57.000000	1.022566e+05	2015	1	25	3
	327	85	-93.250000	53.750000	1.023094e+05	2015	1	25	6
	337	92	-90.750000	52.000000	1.023786e+05	2015	1	25	9
	343	98	-89.250000	50.500000	1.023879e+05	2015	1	25	12
	342	97	-89.500000	50.750000	1.024944e+05	2015	1	25	15
	345	100	-88.750000	50.000000	1.024567e+05	2015	1	25	18
	348	100	-88.000000	50.000000	1.023436e+05	2015	1	25	21
	367	108	-83.250000	48.000000	1.023393e+05	2015	1	26	0
	380	110	-80.000000	47.500000	1.023679e+05	2015	1	26	3
	389	118	-77.750000	45.500000	1.022933e+05	2015	1	26	6
	391	115	-77.250000	46.250000	1.023221e+05	2015	1	26	9
	398	112	-75.500000	47.000000	1.024431e+05	2015	1	26	12
	409	109	-72.750000	47.750000	1.026607e+05	2015	1	26	15
	413	105	-71.750000	48.750000	1.026432e+05	2015	1	26	18
	413	105	-71.750000	48.750000	1.027376e+05	2015	1	26	21
	419	107	-70.250000	48.250000	1.029594e+05	2015	1	27	0
	432	99	-67.000000	50.250000	1.033172e+05	2015	1	27	3
	435	91	-66.250000	52.250000	1.035570e+05	2015	1	27	6
	440	93	-65.000000	51.750000	1.036644e+05	2015	1	27	9
	445	93	-63.750000	51.750000	1.038729e+05	2015	1	27	12
	444	87	-64.000000	53.250000	1.039468e+05	2015	1	27	15
	450	87	-62.500000	53.250000	1.037983e+05	2015	1	27	18
	443	82	-64.250000	54.500000	1.036526e+05	2015	1	27	21
	441	83	-64.750000	54.250000	1.035606e+05	2015	1	28	0
	444	86	-64.000000	53.500000	1.033714e+05	2015	1	28	3
	443	86	-64.250000	53.500000	1.029991e+05	2015	1	28	6
	440	85	-65.000000	53.750000	1.025904e+05	2015	1	28	12
start	5	2015	1	25	6
	532	134	-42.000000	41.500000	1.027517e+05	2015	1	25	6
	560	123	-35.000000	44.250000	1.030269e+05	2015	1	25	15
	571	114	-32.250000	46.500000	1.030094e+05	2015	1	25	18
	580	112	-30.000000	47.000000	1.031796e+05	2015	1	25	21
	580	109	-30.000000	47.750000	1.031991e+05	2015	1	26	0
start	12	2015	1	28	21
	237	60	-115.750000	60.000000	1.039771e+05	2015	1	28	21
	242	60	-114.500000	60.000000	1.039694e+05	2015	1	29	0
	256	68	-111.000000	58.000000	1.040108e+05	2015	1	29	3
	256	69	-111.000000	57.750000	1.041074e+05	2015	1	29	6
	265	74	-108.750000	56.500000	1.041252e+05	2015	1	29	9
	276	81	-106.000000	54.750000	1.041141e+05	2015	1	29	12
	286	88	-103.500000	53.000000	1.040853e+05	2015	1	29	15
	292	94	-102.000000	51.500000	1.041182e+05	2015	1	29	18
	302	94	-99.500000	51.500000	1.039528e+05	2015	1	29	21
	307	105	-98.250000	48.750000	1.039304e+05	2015	1	30	0
	311	105	-97.250000	48.750000	1.039224e+05	2015	1	30	3
	318	115	-95.500000	46.250000	1.039499e+05	2015	1	30	6
start	20	2015	1	31	3
	246	61	-113.500000	59.750000	1.046828e+05	2015	1	31	3
	248	64	-113.000000	59.000000	1.047215e+05	2015	1	31	6
	254	72	-111.500000	57.000000	1.046922e+05	2015	1	31	9
	260	74	-110.000000	56.500000	1.047396e+05	2015	1	31	12
	265	74	-108.750000	56.500000	1.046714e+05	2015	1	31	15
	268	82	-108.000000	54.500000	1.046509e+05	2015	1	31	18
	279	88	-105.250000	53.000000	1.044782e+05	2015	1	31	21
	279	89	-105.250000	52.750000	1.044621e+05	2015	2	1	0
	286	89	-103.500000	52.750000	1.043374e+05	2015	2	1	3
	292	98	-102.000000	50.500000	1.043233e+05	2015	2	1	6
	294	98	-101.500000	50.500000	1.042689e+05	2015	2	1	9
	294	105	-101.500000	48.750000	1.042567e+05	2015	2	1	12
	300	108	-100.000000	48.000000	1.042381e+05	2015	2	1	15
	300	108	-100.000000	48.000000	1.041289e+05	2015	2	1	18
	300	107	-100.000000	48.250000	1.036889e+05	2015	2	1	21
	301	127	-99.750000	43.250000	1.035648e+05	2015	2	2	0
	304	138	-99.000000	40.500000	1.035068e+05	2015	2	2	3
	306	141	-98.500000	39.750000	1.035121e+05	2015	2	2	6
	309	142	-97.750000	39.500000	1.033954e+05	2015	2	2	9
	310	154	-97.500000	36.500000	1.032633e+05	2015	2	2	12
start	31	2015	2	1	21
	0	68	-175.000000	58.000000	1.022296e+05	2015	2	1	21
	0	70	-175.000000	57.500000	1.023123e+05	2015	2	2	0
	0	70	-175.000000	57.500000	1.023928e+05	2015	2	2	3
	0	70	-175.000000	57.500000	1.024804e+05	2015	2	2	6
	0	63	-175.000000	59.250000	1.025866e+05	2015	2	2	9
	0	57	-175.000000	60.750000	1.027588e+05	2015	2	2	12
	0	58	-175.000000	60.500000	1.028761e+05	2015	2	2	15
	0	56	-175.000000	61.000000	1.029862e+05	2015	2	3	0
	0	52	-175.000000	62.000000	1.029746e+05	2015	2	3	3
	0	53	-175.000000	61.750000	1.030221e+05	2015	2	3	6
	0	51	-175.000000	62.250000	1.030640e+05	2015	2	3	9
	0	32	-175.000000	67.000000	1.030062e+05	2015	2	3	15
	0	12	-175.000000	72.000000	1.032131e+05	2015	2	3	21
	7	11	-173.250000	72.250000	1.032765e+05	2015	2	4	0
	0	6	-175.000000	73.500000	1.032566e+05	2015	2	4	3
	0	6	-175.000000	73.500000	1.033281e+05	2015	2	4	6
	0	5	-175.000000	73.750000	1.033910e+05	2015	2	4	9
	34	8	-166.500000	73.000000	1.036159e+05	2015	2	4	21
	73	17	-156.750000	70.750000	1.036823e+05	2015	2	5	0
	95	21	-151.250000	69.750000	1.037849e+05	2015	2	5	3
	94	20	-151.500000	70.000000	1.038338e+05	2015	2	5	6
	106	20	-148.500000	70.000000	1.038679e+05	2015	2	5	9
	142	28	-139.500000	68.000000	1.038929e+05	2015	2	5	12
	142	28	-139.500000	68.000000	1.039304e+05	2015	2	5	15
	151	32	-137.250000	67.000000	1.038823e+05	2015	2	5	18
	151	32	-137.250000	67.000000	1.038602e+05	2015	2	5	21
	151	32	-137.250000	67.000000	1.037551e+05	2015	2	6	0
	200	41	-125.000000	64.750000	1.034681e+05	2015	2	6	6
	210	42	-122.500000	64.500000	1.033836e+05	2015	2	6	9
	215	44	-121.250000	64.000000	1.032932e+05	2015	2	6	12
	235	48	-116.250000	63.000000	1.031539e+05	2015	2	6	15
start	14	2015	2	4	3
	258	102	-110.500000	49.500000	1.034616e+05	2015	2	4	3
	259	102	-110.250000	49.500000	1.035903e+05	2015	2	4	6
	272	106	-107.000000	48.500000	1.036922e+05	2015	2	4	9
	280	118	-105.000000	45.500000	1.037798e+05	2015	2	4	12
	283	118	-104.250000	45.500000	1.039001e+05	2015	2	4	15
	296	132	-101.000000	42.000000	1.038336e+05	2015	2	4	18
	300	134	-100.000000	41.500000	1.037647e+05	2015	2	4	21
	304	137	-99.000000	40.750000	1.038091e+05	2015	2	5	0
	309	141	-97.750000	39.750000	1.038961e+05	2015	2	5	3
	313	141	-96.750000	39.750000	1.038846e+05	2015	2	5	6
	319	141	-95.250000	39.750000	1.037944e+05	2015	2	5	9
	327	141	-93.250000	39.750000	1.037224e+05	2015	2	5	12
	328	141	-93.000000	39.750000	1.037917e+05	2015	2	5	15
	347	137	-88.250000	40.750000	1.033099e+05	2015	2	5	21
start	24	2015	2	8	3
	347	77	-88.250000	55.750000	1.032371e+05	2015	2	8	3
	350	77	-87.500000	55.750000	1.032662e+05	2015	2	8	6
	351	77	-87.250000	55.750000	1.033927e+05	2015	2	8	9
	359	79	-85.250000	55.250000	1.034765e+05	2015	2	8	12
	383	82	-79.250000	54.500000	1.035481e+05	2015	2	8	15
	389	78	-77.750000	55.500000	1.035889e+05	2015	2	8	18
	409	80	-72.750000	55.000000	1.036831e+05	2015	2	8	21
	413	83	-71.750000	54.250000	1.037938e+05	2015	2	9	0
	417	88	-70.750000	53.000000	1.038007e+05	2015	2	9	3
	423	92	-69.250000	52.000000	1.038349e+05	2015	2	9	6
	423	94	-69.250000	51.500000	1.038216e+05	2015	2	9	9
	424	94	-69.000000	51.500000	1.038727e+05	2015	2	9	12
	440	89	-65.000000	52.750000	1.038445e+05	2015	2	9	15
	441	89	-64.750000	52.750000	1.035654e+05	2015	2	9	18
	444	86	-64.000000	53.500000	1.033958e+05	2015	2	9	21
	460	93	-60.000000	51.750000	1.032857e+05	2015	2	10	0
	455	98	-61.250000	50.500000	1.031865e+05	2015	2	10	3
	480	105	-55.000000	48.750000	1.030333e+05	2015	2	10	9
	482	106	-54.500000	48.500000	1.029820e+05	2015	2	10	12
	484	105	-54.000000	48.750000	1.028172e+05	2015	2	10	15
	487	100	-53.250000	50.000000	1.026108e+05	2015	2	10	18
	504	97	-49.000000	50.750000	1.025116e+05	2015	2	10	21
	532	96	-42.000000	51.000000	1.022649e+05	2015	2	11	3
	540	97	-40.000000	50.750000	1.022344e+05	2015	2	11	6
start	10	2015	2	9	6
	275	196	-106.250000	26.000000	1.021592e+05	2015	2	9	6
	275	196	-106.250000	26.000000	1.021509e+05	2015	2	9	9
	299	200	-100.250000	25.000000	1.020227e+05	2015	2	10	0
	306	220	-98.500000	20.000000	1.022945e+05	2015	2	10	3
	306	220	-98.500000	20.000000	1.023207e+05	2015	2	10	6
	305	220	-98.750000	20.000000	1.022453e+05	2015	2	10	9
	304	220	-99.000000	20.000000	1.022550e+05	2015	2	10	12
	303	219	-99.250000	20.250000	1.024422e+05	2015	2	10	15
	308	220	-98.000000	20.000000	1.016922e+05	2015	2	11	0
	307	220	-98.250000	20.000000	1.018929e+05	2015	2	11	3
start	13	2015	2	10	12
	354	87	-86.500000	53.250000	1.035150e+05	2015	2	10	12
	356	91	-86.000000	52.250000	1.035502e+05	2015	2	10	15
	379	94	-80.250000	51.500000	1.035063e+05	2015	2	10	18
	383	94	-79.250000	51.500000	1.034901e+05	2015	2	10	21
	387	91	-78.250000	52.250000	1.034232e+05	2015	2	11	0
	403	93	-74.250000	51.750000	1.033941e+05	2015	2	11	3
	419	89	-70.250000	52.750000	1.033804e+05	2015	2	11	6
	423	91	-69.250000	52.250000	1.033262e+05	2015	2	11	9
	425	93	-68.750000	51.750000	1.033316e+05	2015	2	11	12
	430	89	-67.500000	52.750000	1.032081e+05	2015	2	11	15
	428	88	-68.000000	53.000000	1.029814e+05	2015	2	11	18
	441	89	-64.750000	52.750000	1.029022e+05	2015	2	11	21
	446	87	-63.500000	53.250000	1.028888e+05	2015	2	12	0
start	20	2015	2	10	15
	208	59	-123.000000	60.250000	1.042579e+05	2015	2	10	15
	210	65	-122.500000	58.750000	1.044633e+05	2015	2	10	18
	210	65	-122.500000	58.750000	1.044746e+05	2015	2	10	21
	240	57	-115.000000	60.750000	1.045174e+05	2015	2	11	0
	246	61	-113.500000	59.750000	1.045874e+05	2015	2	11	3
	250	65	-112.500000	58.750000	1.047319e+05	2015	2	11	6
	256	69	-111.000000	57.750000	1.048578e+05	2015	2	11	9
	260	76	-110.000000	56.000000	1.049391e+05	2015	2	11	12
	263	82	-109.250000	54.500000	1.050214e+05	2015	2	11	15
	272	94	-107.000000	51.500000	1.049796e+05	2015	2	11	18
	272	94	-107.000000	51.500000	1.048888e+05	2015	2	11	21
	290	99	-102.500000	50.250000	1.048393e+05	2015	2	12	0
	296	107	-101.000000	48.250000	1.047135e+05	2015	2	12	3
	298	109	-100.500000	47.750000	1.047349e+05	2015	2	12	6
	304	116	-99.000000	46.000000	1.045194e+05	2015	2	12	9
	313	117	-96.750000	45.750000	1.044228e+05	2015	2	12	12
	331	133	-92.250000	41.750000	1.038096e+05	2015	2	12	21
	333	135	-91.750000	41.250000	1.035852e+05	2015	2	13	0
	334	135	-91.500000	41.250000	1.034900e+05	2015	2	13	3
	342	135	-89.500000	41.250000	1.033231e+05	2015	2	13	6
start	32	2015	2	12	15
	236	14	-116.000000	71.500000	1.033557e+05	2015	2	12	15
	236	14	-116.000000	71.500000	1.035721e+05	2015	2	12	18
	237	14	-115.750000	71.500000	1.037609e+05	2015	2	12	21
	244	24	-114.000000	69.000000	1.039955e+05	2015	2	13	0
	244	24	-114.000000	69.000000	1.041145e+05	2015	2	13	3
	242	35	-114.500000	66.250000	1.041931e+05	2015	2	13	6
	243	35	-114.250000	66.250000	1.043861e+05	2015	2	13	9
	263	44	-109.250000	64.000000	1.045474e+05	2015	2	13	12
	262	49	-109.500000	62.750000	1.046420e+05	2015	2	13	15
	263	49	-109.250000	62.750000	1.047725e+05	2015	2	13	18
	279	51	-105.250000	62.250000	1.047762e+05	2015	2	13	21
	281	51	-104.750000	62.250000	1.048456e+05	2015	2	14	0
	289	59	-102.750000	60.250000	1.047912e+05	2015	2	14	3
	294	65	-101.500000	58.750000	1.047388e+05	2015	2	14	6
	304	71	-99.000000	57.250000	1.047072e+05	2015	2	14	9
	304	80	-99.000000	55.000000	1.047733e+05	2015	2	14	12
	311	83	-97.250000	54.250000	1.047668e+05	2015	2	14	15
	316	83	-96.000000	54.250000	1.047072e+05	2015	2	14	18
	317	83	-95.750000	54.250000	1.044958e+05	2015	2	14	21
	329	89	-92.750000	52.750000	1.043964e+05	2015	2	15	0
	339	92	-90.250000	52.000000	1.043211e+05	2015	2	15	3
	340	98	-90.000000	50.500000	1.043289e+05	2015	2	15	6
	340	107	-90.000000	48.250000	1.043550e+05	2015	2	15	9
	348	105	-88.000000	48.750000	1.042814e+05	2015	2	15	12
	343	107	-89.250000	48.250000	1.042182e+05	2015	2	15	15
	348	105	-88.000000	48.750000	1.040765e+05	2015	2	15	18
	353	106	-86.750000	48.500000	1.038238e+05	2015	2	15	21
	361	114	-84.750000	46.500000	1.036698e+05	2015	2	16	0
	362	118	-84.500000	45.500000	1.035813e+05	2015	2	16	3
	365	132	-83.750000	42.000000	1.034932e+05	2015	2	16	6
	383	135	-79.250000	41.250000	1.031562e+05	2015	2	16	15
	378	130	-80.500000	42.500000	1.028317e+05	2015	2	16	18
start	24	2015	2	18	18
	234	0	-116.500000	75.000000	1.021924e+05	2015	2	18	18
	228	0	-118.000000	75.000000	1.022866e+05	2015	2	18	21
	224	0	-119.000000	75.000000	1.023412e+05	2015	2	19	0
	224	0	-119.000000	75.000000	1.024191e+05	2015	2	19	3
	226	0	-118.500000	75.000000	1.024449e+05	2015	2	19	6
	235	6	-116.250000	73.500000	1.025826e+05	2015	2	19	9
	235	7	-116.250000	73.250000	1.026862e+05	2015	2	19	12
	233	8	-116.750000	73.000000	1.027524e+05	2015	2	19	15
	233	8	-116.750000	73.000000	1.028454e+05	2015	2	19	18
	242	10	-114.500000	72.500000	1.029581e+05	2015	2	19	21
	243	10	-114.250000	72.500000	1.030617e+05	2015	2	20	0
	244	24	-114.000000	69.000000	1.030967e+05	2015	2	20	3
	244	24	-114.000000	69.000000	1.031673e+05	2015	2	20	6
	244	24	-114.000000	69.000000	1.032815e+05	2015	2	20	9
	244	24	-114.000000	69.000000	1.033813e+05	2015	2	20	12
	243	35	-114.250000	66.250000	1.036149e+05	2015	2	20	18
	243	35	-114.250000	66.250000	1.037521e+05	2015	2	20	21
	255	43	-111.250000	64.250000	1.039116e+05	2015	2	21	0
	263	44	-109.250000	64.000000	1.040930e+05	2015	2	21	3
	261	49	-109.750000	62.750000	1.042251e+05	2015	2	21	6
	261	49	-109.750000	62.750000	1.044023e+05	2015	2	21	9
	260	56	-110.000000	61.000000	1.044658e+05	2015	2	21	12
	265	61	-108.750000	59.750000	1.045235e+05	2015	2	21	15
	266	63	-108.500000	59.250000	1.045904e+05	2015	2	21	18
start	58	2015	2	19	12
	0	32	-175.000000	67.000000	1.013098e+05	2015	2	19	12
	0	32	-175.000000	67.000000	1.014417e+05	2015	2	19	15
	0	32	-175.000000	67.000000	1.016366e+05	2015	2	19	18
	0	32	-175.000000	67.000000	1.017981e+05	2015	2	19	21
	0	31	-175.000000	67.250000	1.019964e+05	2015	2	20	0
	0	32	-175.000000	67.000000	1.020979e+05	2015	2	20	3
	0	31	-175.000000	67.250000	1.022868e+05	2015	2	20	6
	0	31	-175.000000	67.250000	1.023638e+05	2015	2	20	9
	0	28	-175.000000	68.000000	1.024381e+05	2015	2	20	12
	0	22	-175.000000	69.500000	1.025179e+05	2015	2	20	15
	0	19	-175.000000	70.250000	1.026894e+05	2015	2	20	18
	0	16	-175.000000	71.000000	1.028221e+05	2015	2	20	21
	0	14	-175.000000	71.500000	1.028781e+05	2015	2	21	0
	0	14	-175.000000	71.500000	1.029085e+05	2015	2	21	3
	0	14	-175.000000	71.500000	1.029719e+05	2015	2	21	6
	0	13	-175.000000	71.750000	1.029718e+05	2015	2	21	9
	0	13	-175.000000	71.750000	1.029156e+05	2015	2	21	12
	0	12	-175.000000	72.000000	1.029148e+05	2015	2	21	15
	0	10	-175.000000	72.500000	1.028209e+05	2015	2	21	18
	0	7	-175.000000	73.250000	1.028400e+05	2015	2	21	21
	0	5	-175.000000	73.750000	1.028302e+05	2015	2	22	0
	0	2	-175.000000	74.500000	1.027913e+05	2015	2	22	3
	0	0	-175.000000	75.000000	1.028065e+05	2015	2	22	6
	0	0	-175.000000	75.000000	1.028287e+05	2015	2	22	9
	2	0	-174.500000	75.000000	1.028573e+05	2015	2	22	12
	40	0	-165.000000	75.000000	1.028184e+05	2015	2	22	15
	68	0	-158.000000	75.000000	1.028448e+05	2015	2	22	18
	96	0	-151.000000	75.000000	1.029688e+05	2015	2	22	21
	115	0	-146.250000	75.000000	1.031991e+05	2015	2	23	0
	130	0	-142.500000	75.000000	1.033575e+05	2015	2	23	3
	139	0	-140.250000	75.000000	1.035184e+05	2015	2	23	6
	148	0	-138.000000	75.000000	1.036002e+05	2015	2	23	9
	156	0	-136.000000	75.000000	1.037803e+05	2015	2	23	12
	168	0	-133.000000	75.000000	1.037148e+05	2015	2	23	15
	171	0	-132.250000	75.000000	1.037412e+05	2015	2	23	18
	180	0	-130.000000	75.000000	1.037929e+05	2015	2	23	21
	193	0	-126.750000	75.000000	1.038106e+05	2015	2	24	0
	220	13	-120.000000	71.750000	1.037885e+05	2015	2	24	12
	229	28	-117.750000	68.000000	1.039169e+05	2015	2	24	15
	215	32	-121.250000	67.000000	1.039941e+05	2015	2	24	18
	228	35	-118.000000	66.250000	1.040678e+05	2015	2	24	21
	219	32	-120.250000	67.000000	1.041308e+05	2015	2	25	0
	232	44	-117.000000	64.000000	1.041805e+05	2015	2	25	3
	233	47	-116.750000	63.250000	1.042899e+05	2015	2	25	6
	232	53	-117.000000	61.750000	1.043470e+05	2015	2	25	9
	246	66	-113.500000	58.500000	1.044904e+05	2015	2	25	12
	246	66	-113.500000	58.500000	1.045624e+05	2015	2	25	15
	252	73	-112.000000	56.750000	1.046556e+05	2015	2	25	18
	254	66	-111.500000	58.500000	1.045489e+05	2015	2	25	21
	257	87	-110.750000	53.250000	1.045114e+05	2015	2	26	0
	263	92	-109.250000	52.000000	1.045452e+05	2015	2	26	3
	263	94	-109.250000	51.500000	1.045750e+05	2015	2	26	6
	267	96	-108.250000	51.000000	1.045544e+05	2015	2	26	9
	267	97	-108.250000	50.750000	1.045783e+05	2015	2	26	12
	284	106	-104.000000	48.500000	1.045791e+05	2015	2	26	15
	280	98	-105.000000	50.500000	1.046008e+05	2015	2	26	18
	280	97	-105.000000	50.750000	1.043190e+05	2015	2	26	21
	288	103	-103.000000	49.250000	1.042175e+05	2015	2	27	0
start	11	2015	2	19	21
	341	155	-89.750000	36.250000	1.032956e+05	2015	2	19	21
	350	150	-87.500000	37.500000	1.032359e+05	2015	2	20	0
	357	152	-85.750000	37.000000	1.032619e+05	2015	2	20	3
	366	152	-83.500000	37.000000	1.033241e+05	2015	2	20	6
	367	151	-83.250000	37.250000	1.034010e+05	2015	2	20	9
	372	150	-82.000000	37.500000	1.035396e+05	2015	2	20	12
	372	149	-82.000000	37.750000	1.035914e+05	2015	2	20	15
	397	154	-75.750000	36.500000	1.032988e+05	2015	2	20	21
	396	157	-76.000000	35.750000	1.034368e+05	2015	2	21	0
	396	157	-76.000000	35.750000	1.035278e+05	2015	2	21	3
	399	155	-75.250000	36.250000	1.035664e+05	2015	2	21	6
start	70	2015	2	21	18
	436	146	-66.000000	38.500000	1.036459e+05	2015	2	21	18
	461	138	-59.750000	40.500000	1.037255e+05	2015	2	21	21
	482	134	-54.500000	41.500000	1.039148e+05	2015	2	22	6
	498	130	-50.500000	42.500000	1.040014e+05	2015	2	22	9
	505	132	-48.750000	42.000000	1.042256e+05	2015	2	22	12
	503	132	-49.250000	42.000000	1.041846e+05	2015	2	22	15
	508	131	-48.000000	42.250000	1.040082e+05	2015	2	22	18
	526	134	-43.500000	41.500000	1.038896e+05	2015	2	23	0
	540	134	-40.000000	41.500000	1.037550e+05	2015	2	23	3
	560	134	-35.000000	41.500000	1.036128e+05	2015	2	23	9
	566	139	-33.500000	40.250000	1.036658e+05	2015	2	23	12
	567	138	-33.250000	40.500000	1.035995e+05	2015	2	23	15
	580	141	-30.000000	39.750000	1.035198e+05	2015	2	23	18
	580	143	-30.000000	39.250000	1.036222e+05	2015	2	23	21
	580	145	-30.000000	38.750000	1.036831e+05	2015	2	24	0
	580	145	-30.000000	38.750000	1.035926e+05	2015	2	24	3
	580	145	-30.000000	38.750000	1.034855e+05	2015	2	24	6
	580	145	-30.000000	38.750000	1.035359e+05	2015	2	24	9
	580	149	-30.000000	37.750000	1.036375e+05	2015	2	24	12
	580	150	-30.000000	37.500000	1.035027e+05	2015	2	24	15
	580	152	-30.000000	37.000000	1.035141e+05	2015	2	24	18
	580	152	-30.000000	37.000000	1.035825e+05	2015	2	24	21
	580	153	-30.000000	36.750000	1.036776e+05	2015	2	25	0
	580	154	-30.000000	36.500000	1.035992e+05	2015	2	25	3
	580	154	-30.000000	36.500000	1.035034e+05	2015	2	25	6
	580	152	-30.000000	37.000000	1.035670e+05	2015	2	25	9
	580	155	-30.000000	36.250000	1.037244e+05	2015	2	25	12
	580	154	-30.000000	36.500000	1.036602e+05	2015	2	25	15
	580	153	-30.000000	36.750000	1.036074e+05	2015	2	25	18
	580	153	-30.000000	36.750000	1.036469e+05	2015	2	25	21
	580	150	-30.000000	37.500000	1.037884e+05	2015	2	26	0
	580	153	-30.000000	36.750000	1.037117e+05	2015	2	26	3
	580	150	-30.000000	37.500000	1.036105e+05	2015	2	26	6
	580	152	-30.000000	37.000000	1.036239e+05	2015	2	26	9
	580	153	-30.000000	36.750000	1.037041e+05	2015	2	26	12
	580	150	-30.000000	37.500000	1.036109e+05	2015	2	26	15
	580	152	-30.000000	37.000000	1.035225e+05	2015	2	26	18
	580	153	-30.000000	36.750000	1.036285e+05	2015	2	26	21
	580	155	-30.000000	36.250000	1.037028e+05	2015	2	27	0
	580	155	-30.000000	36.250000	1.036353e+05	2015	2	27	3
	580	155	-30.000000	36.250000	1.035232e+05	2015	2	27	6
	580	153	-30.000000	36.750000	1.036080e+05	2015	2	27	9
	580	158	-30.000000	35.500000	1.037496e+05	2015	2	27	12
	580	156	-30.000000	36.000000	1.036781e+05	2015	2	27	15
	580	154	-30.000000	36.500000	1.036092e+05	2015	2	27	18
	580	157	-30.000000	35.750000	1.037584e+05	2015	2	27	21
	580	161	-30.000000	34.750000	1.037615e+05	2015	2	28	0
	580	157	-30.000000	35.750000	1.036372e+05	2015	2	28	3
	580	159	-30.000000	35.250000	1.035666e+05	2015	2	28	6
	580	158	-30.000000	35.500000	1.036491e+05	2015	2	28	9
	580	161	-30.000000	34.750000	1.037476e+05	2015	2	28	12
	580	161	-30.000000	34.750000	1.035620e+05	2015	2	28	15
	580	158	-30.000000	35.500000	1.034642e+05	2015	2	28	18
	580	161	-30.000000	34.750000	1.035640e+05	2015	2	28	21
	580	163	-30.000000	34.250000	1.036402e+05	2015	3	1	0
	580	167	-30.000000	33.250000	1.034659e+05	2015	3	1	3
	580	165	-30.000000	33.750000	1.033071e+05	2015	3	1	6
	580	166	-30.000000	33.500000	1.033239e+05	2015	3	1	9
	580	165	-30.000000	33.750000	1.034554e+05	2015	3	1	12
	580	167	-30.000000	33.250000	1.032185e+05	2015	3	1	15
	580	166	-30.000000	33.500000	1.030836e+05	2015	3	1	18
	580	166	-30.000000	33.500000	1.031167e+05	2015	3	1	21
	580	166	-30.000000	33.500000	1.031511e+05	2015	3	2	0
	580	167	-30.000000	33.250000	1.029975e+05	2015	3	2	3
	580	164	-30.000000	34.000000	1.028962e+05	2015	3	2	6
	580	167	-30.000000	33.250000	1.029082e+05	2015	3	2	9
	580	167	-30.000000	33.250000	1.029937e+05	2015	3	2	12
	580	169	-30.000000	32.750000	1.027722e+05	2015	3	2	15
	580	168	-30.000000	33.000000	1.027008e+05	2015	3	2	18
	580	169	-30.000000	32.750000	1.027959e+05	2015	3	2	21
start	11	2015	2	22	3
	268	95	-108.000000	51.250000	1.046733e+05	2015	2	22	3
	276	102	-106.000000	49.500000	1.048020e+05	2015	2	22	6
	279	104	-105.250000	49.000000	1.048357e+05	2015	2	22	9
	286	105	-103.500000	48.750000	1.048401e+05	2015	2	22	12
	298	114	-100.500000	46.500000	1.049134e+05	2015	2	22	15
	298	107	-100.500000	48.250000	1.049778e+05	2015	2	22	18
	300	107	-100.000000	48.250000	1.047838e+05	2015	2	22	21
	313	116	-96.750000	46.000000	1.046588e+05	2015	2	23	0
	310	123	-97.500000	44.250000	1.047838e+05	2015	2	23	3
	310	130	-97.500000	42.500000	1.048134e+05	2015	2	23	6
	311	135	-97.250000	41.250000	1.047510e+05	2015	2	23	9
start	11	2015	2	24	12
	385	147	-78.750000	38.250000	1.028560e+05	2015	2	24	12
	402	143	-74.500000	39.250000	1.027529e+05	2015	2	24	15
	420	137	-70.000000	40.750000	1.025316e+05	2015	2	24	18
	437	136	-65.750000	41.000000	1.023555e+05	2015	2	24	21
	464	127	-59.000000	43.250000	1.024388e+05	2015	2	25	0
	466	128	-58.500000	43.000000	1.025678e+05	2015	2	25	3
	480	128	-55.000000	43.000000	1.026239e+05	2015	2	25	6
	495	131	-51.250000	42.250000	1.027595e+05	2015	2	25	9
	507	127	-48.250000	43.250000	1.029982e+05	2015	2	25	12
	503	123	-49.250000	44.250000	1.030987e+05	2015	2	25	15
	523	116	-44.250000	46.000000	1.031084e+05	2015	2	25	18
start	20	2015	2	26	9
	165	41	-133.750000	64.750000	1.036014e+05	2015	2	26	9
	117	51	-145.750000	62.250000	1.037551e+05	2015	2	26	15
	117	51	-145.750000	62.250000	1.038368e+05	2015	2	26	18
	117	51	-145.750000	62.250000	1.039160e+05	2015	2	26	21
	117	51	-145.750000	62.250000	1.038075e+05	2015	2	27	0
	117	51	-145.750000	62.250000	1.037043e+05	2015	2	27	3
	117	52	-145.750000	62.000000	1.037122e+05	2015	2	27	6
	117	52	-145.750000	62.000000	1.037535e+05	2015	2	27	9
	117	51	-145.750000	62.250000	1.038519e+05	2015	2	27	12
	117	51	-145.750000	62.250000	1.038224e+05	2015	2	27	15
	117	52	-145.750000	62.000000	1.038062e+05	2015	2	27	18
	117	51	-145.750000	62.250000	1.037139e+05	2015	2	27	21
	151	58	-137.250000	60.500000	1.036598e+05	2015	2	28	0
	187	49	-128.250000	62.750000	1.034112e+05	2015	2	28	3
	187	50	-128.250000	62.500000	1.034436e+05	2015	2	28	6
	187	50	-128.250000	62.500000	1.036311e+05	2015	2	28	9
	187	50	-128.250000	62.500000	1.036198e+05	2015	2	28	12
	184	48	-129.000000	63.000000	1.034900e+05	2015	2	28	15
	184	48	-129.000000	63.000000	1.032585e+05	2015	2	28	18
	200	69	-125.000000	57.750000	1.030618e+05	2015	2	28	21
start	14	2015	2	27	12
	115	85	-146.250000	53.750000	1.035474e+05	2015	2	27	12
	119	86	-145.250000	53.500000	1.034935e+05	2015	2	27	18
	124	88	-144.000000	53.000000	1.034529e+05	2015	2	27	21
	129	88	-142.750000	53.000000	1.034140e+05	2015	2	28	0
	128	87	-143.000000	53.250000	1.033879e+05	2015	2	28	3
	131	91	-142.250000	52.250000	1.034003e+05	2015	2	28	6
	131	99	-142.250000	50.250000	1.033671e+05	2015	2	28	12
	137	97	-140.750000	50.750000	1.033808e+05	2015	2	28	15
	137	104	-140.750000	49.000000	1.034178e+05	2015	2	28	18
	140	104	-140.000000	49.000000	1.034462e+05	2015	2	28	21
	140	108	-140.000000	48.000000	1.034268e+05	2015	3	1	0
	140	111	-140.000000	47.250000	1.034716e+05	2015	3	1	6
	139	118	-140.250000	45.500000	1.034731e+05	2015	3	1	9
	138	119	-140.500000	45.250000	1.034319e+05	2015	3	1	12
start	13	2015	2	28	6
	265	94	-108.750000	51.500000	1.030308e+05	2015	2	28	6
	268	96	-108.000000	51.000000	1.030368e+05	2015	2	28	9
	261	107	-109.750000	48.250000	1.030541e+05	2015	2	28	12
	261	107	-109.750000	48.250000	1.031968e+05	2015	2	28	15
	274	127	-106.500000	43.250000	1.028295e+05	2015	2	28	21
	274	127	-106.500000	43.250000	1.028528e+05	2015	3	1	0
	257	113	-110.750000	46.750000	1.031576e+05	2015	3	1	6
	253	120	-111.750000	45.000000	1.033491e+05	2015	3	1	9
	257	120	-110.750000	45.000000	1.035162e+05	2015	3	1	12
	266	127	-108.500000	43.250000	1.036818e+05	2015	3	1	15
	268	127	-108.000000	43.250000	1.036986e+05	2015	3	1	18
	281	141	-104.750000	39.750000	1.033449e+05	2015	3	1	21
	283	150	-104.250000	37.500000	1.033231e+05	2015	3	2	0
start	12	2015	2	28	21
	21	66	-169.750000	58.500000	1.030252e+05	2015	2	28	21
	45	57	-163.750000	60.750000	1.032345e+05	2015	3	1	0
	42	55	-164.500000	61.250000	1.032709e+05	2015	3	1	3
	56	46	-161.000000	63.500000	1.035291e+05	2015	3	1	6
	66	36	-158.500000	66.000000	1.037131e+05	2015	3	1	9
	79	39	-155.250000	65.250000	1.038662e+05	2015	3	1	12
	83	36	-154.250000	66.000000	1.039722e+05	2015	3	1	15
	103	24	-149.250000	69.000000	1.040831e+05	2015	3	1	18
	112	24	-147.000000	69.000000	1.042227e+05	2015	3	1	21
	115	24	-146.250000	69.000000	1.042356e+05	2015	3	2	0
	172	33	-132.000000	66.750000	1.042404e+05	2015	3	2	6
	182	36	-129.500000	66.000000	1.042357e+05	2015	3	2	9
start	46	2015	3	1	6
	0	173	-175.000000	31.750000	1.025639e+05	2015	3	1	6
	0	174	-175.000000	31.500000	1.026194e+05	2015	3	1	9
	0	176	-175.000000	31.000000	1.025457e+05	2015	3	1	12
	0	175	-175.000000	31.250000	1.024708e+05	2015	3	1	15
	0	177	-175.000000	30.750000	1.026326e+05	2015	3	1	18
	0	177	-175.000000	30.750000	1.027542e+05	2015	3	1	21
	0	181	-175.000000	29.750000	1.026671e+05	2015	3	2	0
	0	176	-175.000000	31.000000	1.026915e+05	2015	3	2	3
	0	177	-175.000000	30.750000	1.028654e+05	2015	3	2	12
	0	163	-175.000000	34.250000	1.029115e+05	2015	3	2	15
	0	162	-175.000000	34.500000	1.030521e+05	2015	3	2	18
	0	160	-175.000000	35.000000	1.032891e+05	2015	3	2	21
	0	155	-175.000000	36.250000	1.033483e+05	2015	3	3	0
	0	150	-175.000000	37.500000	1.033670e+05	2015	3	3	3
	0	150	-175.000000	37.500000	1.034967e+05	2015	3	3	6
	0	151	-175.000000	37.250000	1.036371e+05	2015	3	3	9
	0	142	-175.000000	39.500000	1.036638e+05	2015	3	3	12
	0	143	-175.000000	39.250000	1.036559e+05	2015	3	3	15
	0	145	-175.000000	38.750000	1.037678e+05	2015	3	3	18
	0	147	-175.000000	38.250000	1.039047e+05	2015	3	3	21
	0	147	-175.000000	38.250000	1.038832e+05	2015	3	4	0
	0	149	-175.000000	37.750000	1.037749e+05	2015	3	4	3
	0	142	-175.000000	39.500000	1.038430e+05	2015	3	4	6
	1	144	-174.750000	39.000000	1.039324e+05	2015	3	4	9
	0	147	-175.000000	38.250000	1.039466e+05	2015	3	4	12
	0	149	-175.000000	37.750000	1.038446e+05	2015	3	4	15
	0	149	-175.000000	37.750000	1.038891e+05	2015	3	4	18
	0	150	-175.000000	37.500000	1.040289e+05	2015	3	4	21
	0	149	-175.000000	37.750000	1.039686e+05	2015	3	5	0
	6	129	-173.500000	42.750000	1.039773e+05	2015	3	5	15
	12	131	-172.000000	42.250000	1.040457e+05	2015	3	6	0
	14	131	-171.500000	42.250000	1.039192e+05	2015	3	6	3
	15	130	-171.250000	42.500000	1.039399e+05	2015	3	6	6
	14	134	-171.500000	41.500000	1.039354e+05	2015	3	6	9
	16	136	-171.000000	41.000000	1.038983e+05	2015	3	6	12
	0	144	-175.000000	39.000000	1.037745e+05	2015	3	6	15
	0	144	-175.000000	39.000000	1.037990e+05	2015	3	6	18
	0	143	-175.000000	39.250000	1.038470e+05	2015	3	7	0
	1	137	-174.750000	40.750000	1.037190e+05	2015	3	7	3
	2	136	-174.500000	41.000000	1.036837e+05	2015	3	7	6
	1	137	-174.750000	40.750000	1.037146e+05	2015	3	7	9
	4	135	-174.000000	41.250000	1.036359e+05	2015	3	7	12
	6	134	-173.500000	41.500000	1.035382e+05	2015	3	7	15
	6	135	-173.500000	41.250000	1.035470e+05	2015	3	7	18
	4	137	-174.000000	40.750000	1.036343e+05	2015	3	7	21
	4	133	-174.000000	41.750000	1.035274e+05	2015	3	8	0
start	13	2015	3	2	0
	502	130	-49.500000	42.500000	1.036574e+05	2015	3	2	0
	503	129	-49.250000	42.750000	1.035258e+05	2015	3	2	3
	510	127	-47.500000	43.250000	1.034149e+05	2015	3	2	6
	516	125	-46.000000	43.750000	1.032774e+05	2015	3	2	9
	535	133	-41.250000	41.750000	1.033087e+05	2015	3	2	12
	540	134	-40.000000	41.500000	1.032198e+05	2015	3	2	15
	546	136	-38.500000	41.000000	1.030511e+05	2015	3	2	18
	559	134	-35.250000	41.500000	1.030946e+05	2015	3	2	21
	560	136	-35.000000	41.000000	1.031403e+05	2015	3	3	0
	571	131	-32.250000	42.250000	1.030832e+05	2015	3	3	3
	579	131	-30.250000	42.250000	1.030364e+05	2015	3	3	6
	580	131	-30.000000	42.250000	1.030731e+05	2015	3	3	9
	580	137	-30.000000	40.750000	1.031821e+05	2015	3	3	12
start	18	2015	3	2	18
	210	68	-122.500000	58.000000	1.042291e+05	2015	3	2	18
	214	70	-121.500000	57.500000	1.040686e+05	2015	3	2	21
	219	83	-120.250000	54.250000	1.037822e+05	2015	3	3	3
	229	84	-117.750000	54.000000	1.037797e+05	2015	3	3	6
	236	88	-116.000000	53.000000	1.037064e+05	2015	3	3	9
	254	67	-111.500000	58.250000	1.033005e+05	2015	3	4	0
	258	71	-110.500000	57.250000	1.032626e+05	2015	3	4	3
	258	83	-110.500000	54.250000	1.032835e+05	2015	3	4	6
	264	92	-109.000000	52.000000	1.034259e+05	2015	3	4	9
	275	99	-106.250000	50.250000	1.035264e+05	2015	3	4	12
	281	100	-104.750000	50.000000	1.036914e+05	2015	3	4	15
	287	102	-103.250000	49.500000	1.035679e+05	2015	3	4	21
	300	108	-100.000000	48.000000	1.035144e+05	2015	3	5	0
	310	126	-97.500000	43.500000	1.037243e+05	2015	3	5	6
	318	131	-95.500000	42.250000	1.037266e+05	2015	3	5	9
	331	132	-92.250000	42.000000	1.039557e+05	2015	3	5	18
	334	133	-91.500000	41.750000	1.038017e+05	2015	3	5	21
	334	133	-91.500000	41.750000	1.037569e+05	2015	3	6	0
start	9	2015	3	2	18
	353	139	-86.750000	40.250000	1.036313e+05	2015	3	2	18
	361	139	-84.750000	40.250000	1.033804e+05	2015	3	2	21
	369	137	-82.750000	40.750000	1.032936e+05	2015	3	3	0
	382	143	-79.500000	39.250000	1.032688e+05	2015	3	3	3
	389	133	-77.750000	41.750000	1.031809e+05	2015	3	3	6
	389	135	-77.750000	41.250000	1.031180e+05	2015	3	3	9
	398	135	-75.500000	41.250000	1.031405e+05	2015	3	3	12
	400	144	-75.000000	39.000000	1.031251e+05	2015	3	3	15
	427	154	-68.250000	36.500000	1.028442e+05	2015	3	3	21
start	21	2015	3	3	15
	0	34	-175.000000	66.500000	1.014654e+05	2015	3	3	15
	0	34	-175.000000	66.500000	1.016822e+05	2015	3	3	18
	0	33	-175.000000	66.750000	1.018952e+05	2015	3	3	21
	0	33	-175.000000	66.750000	1.021088e+05	2015	3	4	0
	0	33	-175.000000	66.750000	1.021396e+05	2015	3	4	3
	0	32	-175.000000	67.000000	1.021680e+05	2015	3	4	6
	0	32	-175.000000	67.000000	1.021642e+05	2015	3	4	9
	0	32	-175.000000	67.000000	1.020649e+05	2015	3	4	12
	0	30	-175.000000	67.500000	1.019654e+05	2015	3	4	15
	0	21	-175.000000	69.750000	1.018636e+05	2015	3	4	18
	0	0	-175.000000	75.000000	1.019746e+05	2015	3	5	0
	0	0	-175.000000	75.000000	1.020825e+05	2015	3	5	3
	0	0	-175.000000	75.000000	1.021321e+05	2015	3	5	6
	0	0	-175.000000	75.000000	1.022066e+05	2015	3	5	9
	24	0	-169.000000	75.000000	1.022856e+05	2015	3	5	12
	59	0	-160.250000	75.000000	1.022703e+05	2015	3	5	15
	68	0	-158.000000	75.000000	1.022707e+05	2015	3	5	18
	82	0	-154.500000	75.000000	1.023204e+05	2015	3	5	21
	88	0	-153.000000	75.000000	1.023284e+05	2015	3	6	0
	96	0	-151.000000	75.000000	1.022664e+05	2015	3	6	3
	96	0	-151.000000	75.000000	1.022302e+05	2015	3	6	6
start	24	2015	3	12	9
	219	141	-120.250000	39.750000	1.028503e+05	2015	3	12	9
	215	132	-121.250000	42.000000	1.028858e+05	2015	3	12	12
	213	132	-121.750000	42.000000	1.030574e+05	2015	3	12	15
	219	130	-120.250000	42.500000	1.031113e+05	2015	3	12	18
	211	117	-122.250000	45.750000	1.030464e+05	2015	3	12	21
	241	114	-114.750000	46.500000	1.029615e+05	2015	3	13	0
	241	114	-114.750000	46.500000	1.030963e+05	2015	3	13	3
	241	114	-114.750000	46.500000	1.030780e+05	2015	3	13	6
	246	117	-113.500000	45.750000	1.031438e+05	2015	3	13	9
	244	113	-114.000000	46.750000	1.032707e+05	2015	3	13	12
	250	119	-112.500000	45.250000	1.033757e+05	2015	3	13	15
	272	132	-107.000000	42.000000	1.032323e+05	2015	3	13	18
	272	132	-107.000000	42.000000	1.030196e+05	2015	3	13	21
	277	143	-105.750000	39.250000	1.028246e+05	2015	3	14	0
	276	145	-106.000000	38.750000	1.030247e+05	2015	3	14	3
	275	143	-106.250000	39.250000	1.031278e+05	2015	3	14	6
	277	145	-105.750000	38.750000	1.030486e+05	2015	3	14	9
	277	144	-105.750000	39.000000	1.031749e+05	2015	3	14	12
	276	149	-106.000000	37.750000	1.033996e+05	2015	3	14	15
	253	148	-111.750000	38.000000	1.026308e+05	2015	3	14	21
	253	148	-111.750000	38.000000	1.025191e+05	2015	3	15	0
	269	149	-107.750000	37.750000	1.027052e+05	2015	3	15	3
	269	149	-107.750000	37.750000	1.027614e+05	2015	3	15	6
	276	149	-106.000000	37.750000	1.029031e+05	2015	3	15	15
start	11	2015	3	13	18
	417	138	-70.750000	40.500000	1.036068e+05	2015	3	13	18
	416	139	-71.000000	40.250000	1.035051e+05	2015	3	13	21
	425	148	-68.750000	38.000000	1.034351e+05	2015	3	14	0
	428	147	-68.000000	38.250000	1.033287e+05	2015	3	14	3
	428	148	-68.000000	38.000000	1.031833e+05	2015	3	14	6
	435	149	-66.250000	37.750000	1.030928e+05	2015	3	14	9
	440	155	-65.000000	36.250000	1.031517e+05	2015	3	14	12
	442	155	-64.500000	36.250000	1.031493e+05	2015	3	14	15
	445	156	-63.750000	36.000000	1.029659e+05	2015	3	14	18
	456	156	-61.000000	36.000000	1.028998e+05	2015	3	14	21
	470	159	-57.500000	35.250000	1.029626e+05	2015	3	15	0
start	11	2015	3	15	12
	160	37	-135.000000	65.750000	1.022304e+05	2015	3	15	12
	160	37	-135.000000	65.750000	1.023788e+05	2015	3	15	15
	160	37	-135.000000	65.750000	1.025334e+05	2015	3	15	18
	160	37	-135.000000	65.750000	1.026175e+05	2015	3	15	21
	192	39	-127.000000	65.250000	1.027732e+05	2015	3	16	3
	203	41	-124.250000	64.750000	1.029194e+05	2015	3	16	6
	207	55	-123.250000	61.250000	1.031536e+05	2015	3	16	9
	248	65	-113.000000	58.750000	1.035046e+05	2015	3	16	15
	252	66	-112.000000	58.500000	1.036338e+05	2015	3	16	18
	246	54	-113.500000	61.500000	1.036648e+05	2015	3	16	21
	248	54	-113.000000	61.500000	1.035651e+05	2015	3	17	0
start	9	2015	3	17	0
	269	101	-107.750000	49.750000	1.035881e+05	2015	3	17	0
	275	103	-106.250000	49.250000	1.037050e+05	2015	3	17	3
	287	105	-103.250000	48.750000	1.037209e+05	2015	3	17	6
	295	108	-101.250000	48.000000	1.038010e+05	2015	3	17	9
	299	123	-100.250000	44.250000	1.038212e+05	2015	3	17	12
	299	129	-100.250000	42.750000	1.038904e+05	2015	3	17	15
	300	129	-100.000000	42.750000	1.037284e+05	2015	3	17	18
	304	129	-99.000000	42.750000	1.033045e+05	2015	3	17	21
	316	123	-96.000000	44.250000	1.030808e+05	2015	3	18	0
start	25	2015	3	17	18
	2	35	-174.500000	66.250000	1.017141e+05	2015	3	17	18
	2	36	-174.500000	66.000000	1.018780e+05	2015	3	17	21
	2	36	-174.500000	66.000000	1.019948e+05	2015	3	18	0
	1	36	-174.750000	66.000000	1.020211e+05	2015	3	18	3
	1	36	-174.750000	66.000000	1.021428e+05	2015	3	18	6
	4	15	-174.000000	71.250000	1.024058e+05	2015	3	18	15
	6	11	-173.500000	72.250000	1.025300e+05	2015	3	18	18
	20	11	-170.000000	72.250000	1.026732e+05	2015	3	18	21
	18	7	-170.500000	73.250000	1.027258e+05	2015	3	19	0
	17	5	-170.750000	73.750000	1.027767e+05	2015	3	19	3
	24	5	-169.000000	73.750000	1.028677e+05	2015	3	19	6
	24	5	-169.000000	73.750000	1.030264e+05	2015	3	19	9
	20	3	-170.000000	74.250000	1.030443e+05	2015	3	19	12
	24	2	-169.000000	74.500000	1.031041e+05	2015	3	19	15
	28	4	-168.000000	74.000000	1.031856e+05	2015	3	19	18
	32	0	-167.000000	75.000000	1.032893e+05	2015	3	19	21
	32	0	-167.000000	75.000000	1.033716e+05	2015	3	20	0
	48	0	-163.000000	75.000000	1.033952e+05	2015	3	20	3
	42	0	-164.500000	75.000000	1.035279e+05	2015	3	20	6
	48	0	-163.000000	75.000000	1.036136e+05	2015	3	20	9
	48	0	-163.000000	75.000000	1.037028e+05	2015	3	20	12
	64	0	-159.000000	75.000000	1.037167e+05	2015	3	20	15
	48	0	-163.000000	75.000000	1.037121e+05	2015	3	20	18
	60	0	-160.000000	75.000000	1.037760e+05	2015	3	20	21
	60	0	-160.000000	75.000000	1.037148e+05	2015	3	21	0
start	9	2015	3	18	21
	353	113	-86.750000	46.750000	1.027230e+05	2015	3	18	21
	355	114	-86.250000	46.500000	1.027390e+05	2015	3	19	0
	358	115	-85.500000	46.250000	1.027714e+05	2015	3	19	3
	361	118	-84.750000	45.500000	1.028652e+05	2015	3	19	6
	362	119	-84.500000	45.250000	1.029339e+05	2015	3	19	9
	367	119	-83.250000	45.250000	1.030291e+05	2015	3	19	12
	371	125	-82.250000	43.750000	1.031261e+05	2015	3	19	15
	377	118	-80.750000	45.500000	1.030069e+05	2015	3	19	18
	395	126	-76.250000	43.500000	1.028428e+05	2015	3	19	21
start	8	2015	3	21	6
	487	129	-53.250000	42.750000	1.027900e+05	2015	3	21	6
	499	131	-50.250000	42.250000	1.029031e+05	2015	3	21	9
	505	130	-48.750000	42.500000	1.031367e+05	2015	3	21	12
	504	131	-49.000000	42.250000	1.032534e+05	2015	3	21	15
	511	124	-47.250000	44.000000	1.031511e+05	2015	3	21	18
	514	120	-46.500000	45.000000	1.032866e+05	2015	3	21	21
	523	121	-44.250000	44.750000	1.033942e+05	2015	3	22	0
	530	113	-42.500000	46.750000	1.033488e+05	2015	3	22	3
start	59	2015	3	21	12
	162	0	-134.500000	75.000000	1.035834e+05	2015	3	21	12
	168	0	-133.000000	75.000000	1.035982e+05	2015	3	21	15
	179	0	-130.250000	75.000000	1.036144e+05	2015	3	21	18
	184	0	-129.000000	75.000000	1.037234e+05	2015	3	21	21
	194	0	-126.500000	75.000000	1.037542e+05	2015	3	22	0
	202	0	-124.500000	75.000000	1.037662e+05	2015	3	22	3
	203	0	-124.250000	75.000000	1.038141e+05	2015	3	22	6
	204	0	-124.000000	75.000000	1.038591e+05	2015	3	22	9
	208	0	-123.000000	75.000000	1.038932e+05	2015	3	22	12
	208	0	-123.000000	75.000000	1.038687e+05	2015	3	22	15
	208	0	-123.000000	75.000000	1.038411e+05	2015	3	22	18
	208	0	-123.000000	75.000000	1.038453e+05	2015	3	22	21
	211	0	-122.250000	75.000000	1.038042e+05	2015	3	23	0
	212	0	-122.000000	75.000000	1.037349e+05	2015	3	23	3
	212	0	-122.000000	75.000000	1.036101e+05	2015	3	23	6
	244	10	-114.000000	72.500000	1.034872e+05	2015	3	23	12
	242	10	-114.500000	72.500000	1.034017e+05	2015	3	23	15
	243	10	-114.250000	72.500000	1.032962e+05	2015	3	23	18
	244	10	-114.000000	72.500000	1.032104e+05	2015	3	23	21
	244	10	-114.000000	72.500000	1.030974e+05	2015	3	24	0
	244	10	-114.000000	72.500000	1.029922e+05	2015	3	24	3
	244	24	-114.000000	69.000000	1.027845e+05	2015	3	24	9
	244	24	-114.000000	69.000000	1.027757e+05	2015	3	24	12
	243	35	-114.250000	66.250000	1.027380e+05	2015	3	24	15
	243	35	-114.250000	66.250000	1.027294e+05	2015	3	24	18
	263	44	-109.250000	64.000000	1.027519e+05	2015	3	24	21
	263	44	-109.250000	64.000000	1.027775e+05	2015	3	25	0
	263	44	-109.250000	64.000000	1.028202e+05	2015	3	25	3
	272	49	-107.000000	62.750000	1.029112e+05	2015	3	25	6
	287	56	-103.250000	61.000000	1.029989e+05	2015	3	25	9
	280	57	-105.000000	60.750000	1.030606e+05	2015	3	25	12
	282	57	-104.500000	60.750000	1.031838e+05	2015	3	25	15
	282	55	-104.500000	61.250000	1.031264e+05	2015	3	25	18
	293	58	-101.750000	60.500000	1.030948e+05	2015	3	25	21
	294	59	-101.500000	60.250000	1.031241e+05	2015	3	26	0
	297	60	-100.750000	60.000000	1.030841e+05	2015	3	26	3
	298	71	-100.500000	57.250000	1.030925e+05	2015	3	26	6
	301	73	-99.750000	56.750000	1.031211e+05	2015	3	26	9
	301	78	-99.750000	55.500000	1.031720e+05	2015	3	26	12
	303	82	-99.250000	54.500000	1.032361e+05	2015	3	26	15
	306	86	-98.500000	53.500000	1.032276e+05	2015	3	26	18
	306	86	-98.500000	53.500000	1.030936e+05	2015	3	26	21
	309	90	-97.750000	52.500000	1.030397e+05	2015	3	27	0
	313	99	-96.750000	50.250000	1.029745e+05	2015	3	27	3
	343	111	-89.250000	47.250000	1.028378e+05	2015	3	27	18
	351	112	-87.250000	47.000000	1.026762e+05	2015	3	27	21
	352	114	-87.000000	46.500000	1.026394e+05	2015	3	28	0
	352	115	-87.000000	46.250000	1.026814e+05	2015	3	28	3
	351	118	-87.250000	45.500000	1.027058e+05	2015	3	28	6
	352	117	-87.000000	45.750000	1.027472e+05	2015	3	28	9
	357	121	-85.750000	44.750000	1.028921e+05	2015	3	28	12
	351	132	-87.250000	42.000000	1.028576e+05	2015	3	28	21
	367	143	-83.250000	39.250000	1.029507e+05	2015	3	29	3
	368	147	-83.000000	38.250000	1.030333e+05	2015	3	29	6
	380	146	-80.000000	38.500000	1.030756e+05	2015	3	29	9
	380	146	-80.000000	38.500000	1.032526e+05	2015	3	29	12
	380	163	-80.000000	34.250000	1.032286e+05	2015	3	29	15
	379	171	-80.250000	32.250000	1.030551e+05	2015	3	29	18
	388	167	-78.000000	33.250000	1.028989e+05	2015	3	29	21
start	14	2015	3	21	12
	276	149	-106.000000	37.750000	1.022512e+05	2015	3	21	12
	267	164	-108.250000	34.000000	1.025009e+05	2015	3	21	15
	266	181	-108.500000	29.750000	1.020364e+05	2015	3	22	0
	267	182	-108.250000	29.500000	1.021802e+05	2015	3	22	3
	269	187	-107.750000	28.250000	1.023541e+05	2015	3	22	6
	270	188	-107.500000	28.000000	1.022869e+05	2015	3	22	9
	275	195	-106.250000	26.250000	1.023360e+05	2015	3	22	12
	278	201	-105.500000	24.750000	1.024619e+05	2015	3	22	15
	276	195	-106.000000	26.250000	1.018904e+05	2015	3	23	0
	275	196	-106.250000	26.000000	1.022099e+05	2015	3	23	3
	275	196	-106.250000	26.000000	1.024006e+05	2015	3	23	6
	275	196	-106.250000	26.000000	1.023641e+05	2015	3	23	9
	275	196	-106.250000	26.000000	1.022787e+05	2015	3	23	12
	280	203	-105.000000	24.250000	1.024044e+05	2015	3	23	15
start	10	2015	3	24	15
	377	118	-80.750000	45.500000	1.031850e+05	2015	3	24	15
	376	118	-81.000000	45.500000	1.031711e+05	2015	3	24	18
	394	125	-76.500000	43.750000	1.029517e+05	2015	3	24	21
	395	125	-76.250000	43.750000	1.029378e+05	2015	3	25	0
	401	130	-74.750000	42.500000	1.029872e+05	2015	3	25	3
	406	142	-73.500000	39.500000	1.029861e+05	2015	3	25	9
	420	141	-70.000000	39.750000	1.031319e+05	2015	3	25	12
	421	141	-69.750000	39.750000	1.031533e+05	2015	3	25	15
	429	140	-67.750000	40.000000	1.030834e+05	2015	3	25	18
	430	147	-67.500000	38.250000	1.030416e+05	2015	3	26	0
start	20	2015	3	25	6
	241	124	-114.750000	44.000000	1.028395e+05	2015	3	25	6
	241	124	-114.750000	44.000000	1.030186e+05	2015	3	25	9
	241	124	-114.750000	44.000000	1.031219e+05	2015	3	25	12
	241	122	-114.750000	44.500000	1.032816e+05	2015	3	25	15
	244	123	-114.000000	44.250000	1.031594e+05	2015	3	25	18
	233	121	-116.750000	44.750000	1.029795e+05	2015	3	25	21
	235	120	-116.250000	45.000000	1.029416e+05	2015	3	26	0
	257	130	-110.750000	42.500000	1.030866e+05	2015	3	26	3
	238	121	-115.500000	44.750000	1.032082e+05	2015	3	26	6
	241	122	-114.750000	44.500000	1.031551e+05	2015	3	26	9
	253	123	-111.750000	44.250000	1.032416e+05	2015	3	26	15
	232	123	-117.000000	44.250000	1.030009e+05	2015	3	26	18
	250	135	-112.500000	41.250000	1.027359e+05	2015	3	26	21
	255	139	-111.250000	40.250000	1.025927e+05	2015	3	27	9
	274	143	-106.500000	39.250000	1.021404e+05	2015	3	28	0
	274	143	-106.500000	39.250000	1.023806e+05	2015	3	28	3
	274	143	-106.500000	39.250000	1.023920e+05	2015	3	28	6
	270	149	-107.500000	37.750000	1.022769e+05	2015	3	28	9
	271	149	-107.250000	37.750000	1.022556e+05	2015	3	28	12
	274	146	-106.500000	38.500000	1.023276e+05	2015	3	28	15
start	9	2015	3	26	12
	456	160	-61.000000	35.000000	1.029102e+05	2015	3	26	12
	464	162	-59.000000	34.500000	1.028861e+05	2015	3	26	21
	473	163	-56.750000	34.250000	1.030619e+05	2015	3	27	0
	484	166	-54.000000	33.500000	1.030040e+05	2015	3	27	3
	484	162	-54.000000	34.500000	1.029562e+05	2015	3	27	6
	493	164	-51.750000	34.000000	1.029662e+05	2015	3	27	9
	496	162	-51.000000	34.500000	1.031013e+05	2015	3	27	12
	496	162	-51.000000	34.500000	1.031604e+05	2015	3	27	15
	508	161	-48.000000	34.750000	1.030758e+05	2015	3	27	18
start	34	2015	3	26	18
	284	175	-104.000000	31.250000	1.027451e+05	2015	3	26	18
	285	176	-103.750000	31.000000	1.023696e+05	2015	3	26	21
	286	179	-103.500000	30.250000	1.023648e+05	2015	3	27	3
	291	184	-102.250000	29.000000	1.024885e+05	2015	3	27	6
	298	198	-100.500000	25.500000	1.025399e+05	2015	3	27	9
	298	198	-100.500000	25.500000	1.025723e+05	2015	3	27	12
	305	216	-98.750000	21.000000	1.026548e+05	2015	3	27	18
	307	219	-98.250000	20.250000	1.023076e+05	2015	3	28	0
	307	220	-98.250000	20.000000	1.025999e+05	2015	3	28	3
	295	214	-101.250000	21.500000	1.026092e+05	2015	3	28	6
	300	206	-100.000000	23.500000	1.024394e+05	2015	3	28	9
	297	206	-100.750000	23.500000	1.024978e+05	2015	3	28	12
	297	204	-100.750000	24.000000	1.026231e+05	2015	3	28	15
	301	220	-99.750000	20.000000	1.024057e+05	2015	3	29	3
	295	214	-101.250000	21.500000	1.024761e+05	2015	3	29	6
	301	220	-99.750000	20.000000	1.023618e+05	2015	3	29	9
	305	220	-98.750000	20.000000	1.023816e+05	2015	3	29	12
	298	203	-100.500000	24.250000	1.025361e+05	2015	3	29	15
	306	220	-98.500000	20.000000	1.021311e+05	2015	3	29	21
	307	220	-98.250000	20.000000	1.021406e+05	2015	3	30	0
	301	220	-99.750000	20.000000	1.023583e+05	2015	3	30	3
	306	220	-98.500000	20.000000	1.024116e+05	2015	3	30	6
	296	212	-101.000000	22.000000	1.023051e+05	2015	3	30	9
	296	212	-101.000000	22.000000	1.024212e+05	2015	3	30	12
	298	203	-100.500000	24.250000	1.025696e+05	2015	3	30	15
	308	220	-98.000000	20.000000	1.020171e+05	2015	3	30	21
	308	220	-98.000000	20.000000	1.020162e+05	2015	3	31	0
	307	220	-98.250000	20.000000	1.022692e+05	2015	3	31	3
	306	220	-98.500000	20.000000	1.023392e+05	2015	3	31	6
	306	220	-98.500000	20.000000	1.022127e+05	2015	3	31	9
	304	220	-99.000000	20.000000	1.021571e+05	2015	3	31	12
	308	220	-98.000000	20.000000	1.015962e+05	2015	3	31	21
	308	220	-98.000000	20.000000	1.015899e+05	2015	4	1	0
	307	220	-98.250000	20.000000	1.018834e+05	2015	4	1	3
start	13	2015	3	30	21
	310	59	-97.500000	60.250000	1.019138e+05	2015	3	30	21
	312	59	-97.000000	60.250000	1.019354e+05	2015	3	31	0
	316	63	-96.000000	59.250000	1.019606e+05	2015	3	31	3
	322	68	-94.500000	58.000000	1.019682e+05	2015	3	31	6
	322	72	-94.500000	57.000000	1.019819e+05	2015	3	31	9
	332	75	-92.000000	56.250000	1.019911e+05	2015	3	31	12
	341	78	-89.750000	55.500000	1.020549e+05	2015	3	31	15
	345	78	-88.750000	55.500000	1.019828e+05	2015	3	31	18
	359	82	-85.250000	54.500000	1.019602e+05	2015	3	31	21
	362	82	-84.500000	54.500000	1.019902e+05	2015	4	1	0
	373	91	-81.750000	52.250000	1.020399e+05	2015	4	1	3
	377	95	-80.750000	51.250000	1.020179e+05	2015	4	1	6
	377	95	-80.750000	51.250000	1.020892e+05	2015	4	1	9
start	8	2015	4	2	0
	398	156	-75.500000	36.000000	1.024704e+05	2015	4	2	0
	395	158	-76.250000	35.500000	1.026721e+05	2015	4	2	3
	395	157	-76.250000	35.750000	1.026295e+05	2015	4	2	6
	405	153	-73.750000	36.750000	1.027234e+05	2015	4	2	9
	429	162	-67.750000	34.500000	1.028235e+05	2015	4	2	21
	437	163	-65.750000	34.250000	1.030286e+05	2015	4	3	3
	448	166	-63.000000	33.500000	1.029194e+05	2015	4	3	6
	457	165	-60.750000	33.750000	1.030346e+05	2015	4	3	12
start	21	2015	4	3	12
	73	118	-156.750000	45.500000	1.036636e+05	2015	4	3	12
	70	116	-157.500000	46.000000	1.037892e+05	2015	4	3	21
	74	120	-156.500000	45.000000	1.037219e+05	2015	4	4	0
	70	118	-157.500000	45.500000	1.036593e+05	2015	4	4	3
	76	122	-156.000000	44.500000	1.036914e+05	2015	4	4	6
	74	120	-156.500000	45.000000	1.036964e+05	2015	4	4	9
	76	122	-156.000000	44.500000	1.036586e+05	2015	4	4	12
	76	122	-156.000000	44.500000	1.035561e+05	2015	4	4	15
	79	123	-155.250000	44.250000	1.036208e+05	2015	4	4	18
	81	128	-154.750000	43.000000	1.036561e+05	2015	4	4	21
	87	128	-153.250000	43.000000	1.035647e+05	2015	4	5	0
	90	131	-152.500000	42.250000	1.032670e+05	2015	4	5	12
	95	142	-151.250000	39.500000	1.031282e+05	2015	4	5	18
	95	144	-151.250000	39.000000	1.030688e+05	2015	4	5	21
	96	147	-151.000000	38.250000	1.029219e+05	2015	4	6	0
	96	149	-151.000000	37.750000	1.028009e+05	2015	4	6	3
	101	150	-149.750000	37.500000	1.028274e+05	2015	4	6	6
	99	155	-150.250000	36.250000	1.027498e+05	2015	4	6	9
	101	150	-149.750000	37.500000	1.026258e+05	2015	4	6	12
	105	161	-148.750000	34.750000	1.024011e+05	2015	4	7	0
	111	164	-147.250000	34.000000	1.023302e+05	2015	4	7	3
start	11	2015	4	4	0
	311	145	-97.250000	38.750000	1.027502e+05	2015	4	4	0
	312	148	-97.000000	38.000000	1.029408e+05	2015	4	4	3
	314	150	-96.500000	37.500000	1.030341e+05	2015	4	4	6
	314	155	-96.500000	36.250000	1.030326e+05	2015	4	4	9
	313	153	-96.750000	36.750000	1.031216e+05	2015	4	4	12
	330	154	-92.500000	36.500000	1.030361e+05	2015	4	4	18
	340	154	-90.000000	36.500000	1.027854e+05	2015	4	4	21
	351	149	-87.250000	37.750000	1.026222e+05	2015	4	5	0
	375	153	-81.250000	36.750000	1.027985e+05	2015	4	5	6
	378	152	-80.500000	37.000000	1.027610e+05	2015	4	5	9
	390	156	-77.500000	36.000000	1.028965e+05	2015	4	5	12
start	17	2015	4	5	0
	307	220	-98.250000	20.000000	1.021129e+05	2015	4	5	0
	307	220	-98.250000	20.000000	1.023144e+05	2015	4	5	3
	306	220	-98.500000	20.000000	1.023465e+05	2015	4	5	6
	306	220	-98.500000	20.000000	1.022445e+05	2015	4	5	9
	304	220	-99.000000	20.000000	1.021642e+05	2015	4	5	12
	303	220	-99.250000	20.000000	1.021086e+05	2015	4	5	15
	308	220	-98.000000	20.000000	1.015040e+05	2015	4	6	0
	306	220	-98.500000	20.000000	1.017482e+05	2015	4	6	3
	305	220	-98.750000	20.000000	1.017794e+05	2015	4	6	6
	308	220	-98.000000	20.000000	1.014797e+05	2015	4	6	21
	298	199	-100.500000	25.250000	1.016418e+05	2015	4	7	0
	274	196	-106.500000	26.000000	1.017476e+05	2015	4	7	3
	274	196	-106.500000	26.000000	1.019228e+05	2015	4	7	6
	274	196	-106.500000	26.000000	1.018617e+05	2015	4	7	9
	275	196	-106.250000	26.000000	1.020596e+05	2015	4	7	15
	274	196	-106.500000	26.000000	1.017929e+05	2015	4	7	18
	274	196	-106.500000	26.000000	1.017205e+05	2015	4	7	21
start	7	2015	4	5	18
	243	53	-114.250000	61.750000	1.030540e+05	2015	4	5	18
	247	53	-113.250000	61.750000	1.029752e+05	2015	4	5	21
	276	68	-106.000000	58.000000	1.027434e+05	2015	4	6	9
	297	84	-100.750000	54.000000	1.029292e+05	2015	4	6	15
	306	87	-98.500000	53.250000	1.030204e+05	2015	4	6	18
	308	89	-98.000000	52.750000	1.029674e+05	2015	4	6	21
	308	90	-98.000000	52.500000	1.029038e+05	2015	4	7	0
start	13	2015	4	7	21
	383	89	-79.250000	52.750000	1.035675e+05	2015	4	7	21
	387	86	-78.250000	53.500000	1.035163e+05	2015	4	8	0
	391	86	-77.250000	53.500000	1.035170e+05	2015	4	8	3
	395	86	-76.250000	53.500000	1.037107e+05	2015	4	8	9
	419	88	-70.250000	53.000000	1.038076e+05	2015	4	8	15
	419	87	-70.250000	53.250000	1.037471e+05	2015	4	8	18
	419	87	-70.250000	53.250000	1.037312e+05	2015	4	8	21
	421	86	-69.750000	53.500000	1.037046e+05	2015	4	9	0
	433	90	-66.750000	52.500000	1.037441e+05	2015	4	9	3
	433	91	-66.750000	52.250000	1.036765e+05	2015	4	9	6
	434	89	-66.500000	52.750000	1.037569e+05	2015	4	9	9
	441	88	-64.750000	53.000000	1.037910e+05	2015	4	9	15
	441	88	-64.750000	53.000000	1.036058e+05	2015	4	9	18
start	24	2015	4	8	18
	274	196	-106.500000	26.000000	1.016172e+05	2015	4	8	18
	274	196	-106.500000	26.000000	1.016611e+05	2015	4	8	21
	274	196	-106.500000	26.000000	1.015731e+05	2015	4	9	0
	274	196	-106.500000	26.000000	1.017248e+05	2015	4	9	3
	274	196	-106.500000	26.000000	1.017954e+05	2015	4	9	6
	274	196	-106.500000	26.000000	1.017247e+05	2015	4	9	9
	267	187	-108.250000	28.250000	1.017725e+05	2015	4	9	18
	269	188	-107.750000	28.000000	1.017704e+05	2015	4	9	21
	274	196	-106.500000	26.000000	1.018286e+05	2015	4	10	0
	274	196	-106.500000	26.000000	1.020604e+05	2015	4	10	3
	275	196	-106.250000	26.000000	1.020699e+05	2015	4	10	6
	280	205	-105.000000	23.750000	1.020868e+05	2015	4	10	9
	280	205	-105.000000	23.750000	1.020222e+05	2015	4	10	12
	298	198	-100.500000	25.500000	1.019552e+05	2015	4	10	18
	308	220	-98.000000	20.000000	1.017807e+05	2015	4	10	21
	307	220	-98.250000	20.000000	1.017472e+05	2015	4	11	0
	306	220	-98.500000	20.000000	1.020116e+05	2015	4	11	3
	301	220	-99.750000	20.000000	1.019800e+05	2015	4	11	12
	307	220	-98.250000	20.000000	1.020764e+05	2015	4	11	15
	307	220	-98.250000	20.000000	1.018948e+05	2015	4	11	18
	308	220	-98.000000	20.000000	1.016764e+05	2015	4	11	21
	307	220	-98.250000	20.000000	1.016514e+05	2015	4	12	0
	301	220	-99.750000	20.000000	1.019159e+05	2015	4	12	3
	301	220	-99.750000	20.000000	1.018426e+05	2015	4	12	6
start	11	2015	4	9	6
	273	118	-106.750000	45.500000	1.020908e+05	2015	4	9	6
	262	124	-109.500000	44.000000	1.021974e+05	2015	4	9	9
	258	121	-110.500000	44.750000	1.024106e+05	2015	4	9	12
	258	121	-110.500000	44.750000	1.025638e+05	2015	4	9	15
	277	124	-105.750000	44.000000	1.024168e+05	2015	4	9	18
	278	124	-105.500000	44.000000	1.021184e+05	2015	4	9	21
	288	140	-103.000000	40.000000	1.020731e+05	2015	4	10	0
	302	146	-99.500000	38.500000	1.023284e+05	2015	4	10	3
	298	150	-100.500000	37.500000	1.023871e+05	2015	4	10	6
	294	161	-101.500000	34.750000	1.025946e+05	2015	4	10	15
	312	155	-97.000000	36.250000	1.023647e+05	2015	4	10	18
start	34	2015	4	10	6
	0	124	-175.000000	44.000000	1.031719e+05	2015	4	10	6
	0	121	-175.000000	44.750000	1.031876e+05	2015	4	10	15
	0	121	-175.000000	44.750000	1.032514e+05	2015	4	10	18
	0	117	-175.000000	45.750000	1.032319e+05	2015	4	11	0
	0	117	-175.000000	45.750000	1.031919e+05	2015	4	11	3
	0	120	-175.000000	45.000000	1.031969e+05	2015	4	11	6
	0	122	-175.000000	44.500000	1.032857e+05	2015	4	11	9
	0	124	-175.000000	44.000000	1.033235e+05	2015	4	11	12
	0	126	-175.000000	43.500000	1.033444e+05	2015	4	11	15
	0	128	-175.000000	43.000000	1.034491e+05	2015	4	11	18
	0	129	-175.000000	42.750000	1.035229e+05	2015	4	11	21
	0	130	-175.000000	42.500000	1.035092e+05	2015	4	12	0
	0	129	-175.000000	42.750000	1.034134e+05	2015	4	12	3
	0	131	-175.000000	42.250000	1.034026e+05	2015	4	12	6
	13	134	-171.750000	41.500000	1.034131e+05	2015	4	12	9
	19	135	-170.250000	41.250000	1.033384e+05	2015	4	12	12
	32	137	-167.000000	40.750000	1.032366e+05	2015	4	12	15
	40	139	-165.000000	40.250000	1.032684e+05	2015	4	12	18
	42	140	-164.500000	40.000000	1.033224e+05	2015	4	12	21
	51	141	-162.250000	39.750000	1.032043e+05	2015	4	13	0
	67	144	-158.250000	39.000000	1.031231e+05	2015	4	13	3
	74	147	-156.500000	38.250000	1.031459e+05	2015	4	13	6
	81	146	-154.750000	38.500000	1.031903e+05	2015	4	13	9
	86	148	-153.500000	38.000000	1.031708e+05	2015	4	13	12
	100	150	-150.000000	37.500000	1.032481e+05	2015	4	13	18
	108	150	-148.000000	37.500000	1.033319e+05	2015	4	13	21
	116	151	-146.000000	37.250000	1.032945e+05	2015	4	14	0
	130	147	-142.500000	38.250000	1.034022e+05	2015	4	14	6
	136	148	-141.000000	38.000000	1.034358e+05	2015	4	14	9
	139	148	-140.250000	38.000000	1.033916e+05	2015	4	14	12
	156	144	-136.000000	39.000000	1.036949e+05	2015	4	14	21
	159	146	-135.250000	38.500000	1.036266e+05	2015	4	15	0
	166	142	-133.500000	39.500000	1.034978e+05	2015	4	15	3
	170	141	-132.500000	39.750000	1.035529e+05	2015	4	15	9
start	14	2015	4	10	9
	479	107	-55.250000	48.250000	1.032798e+05	2015	4	10	9
	476	119	-56.000000	45.250000	1.032898e+05	2015	4	10	12
	488	120	-53.000000	45.000000	1.032731e+05	2015	4	10	15
	494	120	-51.500000	45.000000	1.031479e+05	2015	4	10	18
	503	121	-49.250000	44.750000	1.030889e+05	2015	4	10	21
	511	121	-47.250000	44.750000	1.031744e+05	2015	4	11	0
	514	120	-46.500000	45.000000	1.030369e+05	2015	4	11	3
	517	121	-45.750000	44.750000	1.029294e+05	2015	4	11	6
	519	131	-45.250000	42.250000	1.028804e+05	2015	4	11	9
	528	137	-43.000000	40.750000	1.029048e+05	2015	4	11	12
	529	141	-42.750000	39.750000	1.029004e+05	2015	4	11	15
	536	138	-41.000000	40.500000	1.028196e+05	2015	4	11	18
	543	140	-39.250000	40.000000	1.028374e+05	2015	4	11	21
	544	146	-39.000000	38.500000	1.029477e+05	2015	4	12	0
start	13	2015	4	11	6
	344	141	-89.000000	39.750000	1.023846e+05	2015	4	11	6
	340	140	-90.000000	40.000000	1.024244e+05	2015	4	11	9
	348	143	-88.000000	39.250000	1.025855e+05	2015	4	11	12
	350	140	-87.500000	40.000000	1.027362e+05	2015	4	11	15
	357	142	-85.750000	39.500000	1.025751e+05	2015	4	11	18
	382	132	-79.500000	42.000000	1.024147e+05	2015	4	12	0
	385	138	-78.750000	40.500000	1.025507e+05	2015	4	12	3
	382	142	-79.500000	39.500000	1.026048e+05	2015	4	12	6
	389	147	-77.750000	38.250000	1.026872e+05	2015	4	12	9
	384	148	-79.000000	38.000000	1.028917e+05	2015	4	12	12
	395	151	-76.250000	37.250000	1.029354e+05	2015	4	12	15
	399	150	-75.250000	37.500000	1.028922e+05	2015	4	12	18
	407	147	-73.250000	38.250000	1.028041e+05	2015	4	12	21
start	6	2015	4	14	0
	270	36	-107.500000	66.000000	1.018338e+05	2015	4	14	0
	275	39	-106.250000	65.250000	1.018594e+05	2015	4	14	3
	278	42	-105.500000	64.500000	1.019182e+05	2015	4	14	6
	299	49	-100.250000	62.750000	1.019368e+05	2015	4	14	9
	324	69	-94.000000	57.750000	1.024112e+05	2015	4	14	18
	347	78	-88.250000	55.500000	1.025701e+05	2015	4	14	21
start	12	2015	4	16	15
	243	119	-114.250000	45.250000	1.031586e+05	2015	4	16	15
	270	130	-107.500000	42.500000	1.025938e+05	2015	4	17	0
	264	129	-109.000000	42.750000	1.027059e+05	2015	4	17	3
	261	125	-109.750000	43.750000	1.026647e+05	2015	4	17	6
	267	130	-108.250000	42.500000	1.025871e+05	2015	4	17	9
	244	122	-114.000000	44.500000	1.025860e+05	2015	4	17	15
	268	130	-108.000000	42.500000	1.023131e+05	2015	4	17	18
	277	129	-105.750000	42.750000	1.021729e+05	2015	4	17	21
	276	128	-106.000000	43.000000	1.021821e+05	2015	4	18	0
	274	128	-106.500000	43.000000	1.021404e+05	2015	4	18	6
	272	150	-107.000000	37.500000	1.020999e+05	2015	4	18	9
	269	147	-107.750000	38.250000	1.020462e+05	2015	4	18	12
start	9	2015	4	16	15
	419	135	-70.250000	41.250000	1.033037e+05	2015	4	16	15
	421	140	-69.750000	40.000000	1.032033e+05	2015	4	16	18
	422	141	-69.500000	39.750000	1.031072e+05	2015	4	16	21
	429	139	-67.750000	40.250000	1.030562e+05	2015	4	17	0
	435	146	-66.250000	38.500000	1.029771e+05	2015	4	17	3
	437	145	-65.750000	38.750000	1.028372e+05	2015	4	17	6
	449	152	-62.750000	37.000000	1.028391e+05	2015	4	17	9
	456	158	-61.000000	35.500000	1.028966e+05	2015	4	17	12
	467	158	-58.250000	35.500000	1.028875e+05	2015	4	17	15
start	10	2015	4	17	12
	580	71	-30.000000	57.250000	1.014811e+05	2015	4	17	12
	580	65	-30.000000	58.750000	1.014485e+05	2015	4	17	15
	580	59	-30.000000	60.250000	1.013916e+05	2015	4	17	18
	580	44	-30.000000	64.000000	1.014561e+05	2015	4	17	21
	573	25	-31.750000	68.750000	1.017519e+05	2015	4	18	3
	574	24	-31.500000	69.000000	1.017474e+05	2015	4	18	6
	566	11	-33.500000	72.250000	1.017484e+05	2015	4	18	9
	568	10	-33.000000	72.500000	1.018919e+05	2015	4	18	12
	572	3	-32.000000	74.250000	1.016757e+05	2015	4	18	15
	576	0	-31.000000	75.000000	1.016796e+05	2015	4	18	18
start	18	2015	4	18	3
	497	163	-50.750000	34.250000	1.028886e+05	2015	4	18	3
	512	161	-47.000000	34.750000	1.027734e+05	2015	4	18	6
	518	161	-45.500000	34.750000	1.029649e+05	2015	4	18	12
	524	165	-44.000000	33.750000	1.029262e+05	2015	4	18	15
	531	161	-42.250000	34.750000	1.028169e+05	2015	4	18	18
	539	159	-40.250000	35.250000	1.028633e+05	2015	4	18	21
	541	159	-39.750000	35.250000	1.029690e+05	2015	4	19	0
	560	154	-35.000000	36.500000	1.028312e+05	2015	4	19	9
	569	154	-32.750000	36.500000	1.029306e+05	2015	4	19	12
	568	156	-33.000000	36.000000	1.028660e+05	2015	4	19	15
	575	152	-31.250000	37.000000	1.027934e+05	2015	4	19	18
	580	150	-30.000000	37.500000	1.028408e+05	2015	4	19	21
	579	148	-30.250000	38.000000	1.028936e+05	2015	4	20	0
	580	146	-30.000000	38.500000	1.027598e+05	2015	4	20	3
	580	146	-30.000000	38.500000	1.027178e+05	2015	4	20	6
	580	151	-30.000000	37.250000	1.027064e+05	2015	4	20	9
	580	149	-30.000000	37.750000	1.027458e+05	2015	4	20	12
	580	146	-30.000000	38.500000	1.025773e+05	2015	4	20	15
start	7	2015	4	19	18
	381	84	-79.750000	54.000000	1.029207e+05	2015	4	19	18
	410	85	-72.500000	53.750000	1.029315e+05	2015	4	19	21
	419	89	-70.250000	52.750000	1.029581e+05	2015	4	20	0
	418	91	-70.500000	52.250000	1.030115e+05	2015	4	20	3
	425	88	-68.750000	53.000000	1.030838e+05	2015	4	20	6
	432	92	-67.000000	52.000000	1.031217e+05	2015	4	20	9
	435	89	-66.250000	52.750000	1.031716e+05	2015	4	20	12
start	54	2015	4	20	12
	0	111	-175.000000	47.250000	1.016521e+05	2015	4	20	12
	0	108	-175.000000	48.000000	1.014406e+05	2015	4	20	15
	0	107	-175.000000	48.250000	1.013025e+05	2015	4	20	18
	0	114	-175.000000	46.500000	1.013684e+05	2015	4	21	6
	0	114	-175.000000	46.500000	1.015980e+05	2015	4	21	9
	0	118	-175.000000	45.500000	1.017076e+05	2015	4	21	12
	0	124	-175.000000	44.000000	1.018349e+05	2015	4	21	15
	0	122	-175.000000	44.500000	1.020102e+05	2015	4	21	18
	0	122	-175.000000	44.500000	1.021988e+05	2015	4	21	21
	0	124	-175.000000	44.000000	1.023661e+05	2015	4	22	0
	0	124	-175.000000	44.000000	1.023462e+05	2015	4	22	3
	0	129	-175.000000	42.750000	1.023918e+05	2015	4	22	6
	0	131	-175.000000	42.250000	1.024771e+05	2015	4	22	9
	0	132	-175.000000	42.000000	1.023941e+05	2015	4	22	12
	0	137	-175.000000	40.750000	1.023377e+05	2015	4	22	15
	0	140	-175.000000	40.000000	1.023619e+05	2015	4	22	18
	0	141	-175.000000	39.750000	1.024012e+05	2015	4	22	21
	0	144	-175.000000	39.000000	1.023710e+05	2015	4	23	0
	0	142	-175.000000	39.500000	1.022931e+05	2015	4	23	3
	0	147	-175.000000	38.250000	1.022194e+05	2015	4	23	6
	0	149	-175.000000	37.750000	1.023055e+05	2015	4	23	9
	0	146	-175.000000	38.500000	1.022620e+05	2015	4	23	12
	0	146	-175.000000	38.500000	1.021272e+05	2015	4	23	15
	0	150	-175.000000	37.500000	1.022211e+05	2015	4	23	18
	0	149	-175.000000	37.750000	1.022282e+05	2015	4	23	21
	0	153	-175.000000	36.750000	1.021215e+05	2015	4	24	0
	0	150	-175.000000	37.500000	1.020509e+05	2015	4	24	3
	0	155	-175.000000	36.250000	1.020450e+05	2015	4	24	6
	0	154	-175.000000	36.500000	1.021175e+05	2015	4	24	9
	0	139	-175.000000	40.250000	1.022721e+05	2015	4	24	15
	0	141	-175.000000	39.750000	1.025662e+05	2015	4	24	18
	0	142	-175.000000	39.500000	1.027592e+05	2015	4	24	21
	0	138	-175.000000	40.500000	1.029066e+05	2015	4	25	0
	0	137	-175.000000	40.750000	1.030601e+05	2015	4	25	3
	0	137	-175.000000	40.750000	1.032392e+05	2015	4	25	6
	0	138	-175.000000	40.500000	1.033881e+05	2015	4	25	9
	0	137	-175.000000	40.750000	1.034424e+05	2015	4	25	12
	0	132	-175.000000	42.000000	1.035125e+05	2015	4	25	15
	0	134	-175.000000	41.500000	1.036201e+05	2015	4	25	18
	0	134	-175.000000	41.500000	1.037421e+05	2015	4	25	21
	0	136	-175.000000	41.000000	1.037855e+05	2015	4	26	0
	0	134	-175.000000	41.500000	1.037404e+05	2015	4	26	3
	0	136	-175.000000	41.000000	1.037418e+05	2015	4	26	6
	0	143	-175.000000	39.250000	1.038029e+05	2015	4	26	9
	0	143	-175.000000	39.250000	1.037332e+05	2015	4	26	12
	3	142	-174.250000	39.500000	1.035909e+05	2015	4	26	15
	7	142	-173.250000	39.500000	1.036396e+05	2015	4	26	18
	14	146	-171.500000	38.500000	1.037286e+05	2015	4	26	21
	13	150	-171.750000	37.500000	1.036769e+05	2015	4	27	0
	22	148	-169.500000	38.000000	1.035767e+05	2015	4	27	3
	20	149	-170.000000	37.750000	1.035788e+05	2015	4	27	6
	19	152	-170.250000	37.000000	1.036182e+05	2015	4	27	9
	29	156	-167.750000	36.000000	1.035860e+05	2015	4	27	12
	34	155	-166.500000	36.250000	1.035214e+05	2015	4	27	15
start	22	2015	4	20	21
	92	150	-152.000000	37.500000	1.032064e+05	2015	4	20	21
	114	146	-146.500000	38.500000	1.032141e+05	2015	4	21	6
	119	144	-145.250000	39.000000	1.032345e+05	2015	4	21	9
	129	133	-142.750000	41.750000	1.032351e+05	2015	4	21	12
	131	132	-142.250000	42.000000	1.034472e+05	2015	4	21	18
	136	139	-141.000000	40.250000	1.034892e+05	2015	4	21	21
	133	139	-141.750000	40.250000	1.033704e+05	2015	4	22	0
	140	140	-140.000000	40.000000	1.033469e+05	2015	4	22	3
	139	139	-140.250000	40.250000	1.034680e+05	2015	4	22	6
	133	146	-141.750000	38.500000	1.033124e+05	2015	4	22	12
	133	151	-141.750000	37.250000	1.034526e+05	2015	4	22	18
	129	155	-142.750000	36.250000	1.033978e+05	2015	4	22	21
	126	150	-143.500000	37.500000	1.032878e+05	2015	4	23	0
	131	155	-142.250000	36.250000	1.032936e+05	2015	4	23	6
	124	157	-144.000000	35.750000	1.032130e+05	2015	4	23	9
	126	158	-143.500000	35.500000	1.031716e+05	2015	4	23	18
	125	159	-143.750000	35.250000	1.031679e+05	2015	4	23	21
	125	159	-143.750000	35.250000	1.030330e+05	2015	4	24	0
	125	159	-143.750000	35.250000	1.029782e+05	2015	4	24	3
	131	163	-142.250000	34.250000	1.028923e+05	2015	4	24	15
	135	171	-141.250000	32.250000	1.029962e+05	2015	4	24	18
	133	173	-141.750000	31.750000	1.029228e+05	2015	4	24	21
start	3	2015	4	25	0
	383	170	-79.250000	32.500000	1.017319e+05	2015	4	25	0
	407	174	-73.250000	31.500000	1.016198e+05	2015	4	25	9
	425	184	-68.750000	29.000000	1.015716e+05	2015	4	25	21
start	6	2015	4	27	21
	295	112	-101.250000	47.000000	1.027357e+05	2015	4	27	21
	285	123	-103.750000	44.250000	1.028739e+05	2015	4	28	3
	278	133	-105.500000	41.750000	1.029283e+05	2015	4	28	6
	279	152	-105.250000	37.000000	1.029558e+05	2015	4	28	12
	263	165	-109.250000	33.750000	1.021731e+05	2015	4	29	0
	263	165	-109.250000	33.750000	1.022504e+05	2015	4	29	3
