start	22	2015	1	1	0
	580	19	-30.000000	70.250000	1.000017e+05	2015	1	1	0
	580	19	-30.000000	70.250000	1.000168e+05	2015	1	1	3
	580	19	-30.000000	70.250000	1.000036e+05	2015	1	1	6
	580	19	-30.000000	70.250000	9.997069e+04	2015	1	1	9
	580	19	-30.000000	70.250000	9.997438e+04	2015	1	1	12
	557	3	-35.750000	74.250000	1.001257e+05	2015	1	1	15
	560	3	-35.000000	74.250000	1.002169e+05	2015	1	1	18
	561	3	-34.750000	74.250000	1.003543e+05	2015	1	1	21
	561	3	-34.750000	74.250000	1.004937e+05	2015	1	2	0
	561	3	-34.750000	74.250000	1.004365e+05	2015	1	2	3
	520	15	-45.000000	71.250000	1.004579e+05	2015	1	2	6
	556	0	-36.000000	75.000000	1.006242e+05	2015	1	2	9
	566	2	-33.500000	74.500000	1.008355e+05	2015	1	2	12
	572	0	-32.000000	75.000000	1.009613e+05	2015	1	2	15
	570	2	-32.500000	74.500000	1.011218e+05	2015	1	2	18
	570	1	-32.500000	74.750000	1.013812e+05	2015	1	2	21
	571	0	-32.250000	75.000000	1.015812e+05	2015	1	3	0
	567	1	-33.250000	74.750000	1.018750e+05	2015	1	3	3
	564	0	-34.000000	75.000000	1.019062e+05	2015	1	3	6
	556	0	-36.000000	75.000000	1.020467e+05	2015	1	3	9
	552	0	-37.000000	75.000000	1.022877e+05	2015	1	3	12
	552	0	-37.000000	75.000000	1.021951e+05	2015	1	3	15
start	6	2015	1	1	0
	0	52	-175.000000	62.000000	1.015537e+05	2015	1	1	0
	0	33	-175.000000	66.750000	1.020769e+05	2015	1	1	12
	0	33	-175.000000	66.750000	1.021348e+05	2015	1	1	21
	0	31	-175.000000	67.250000	1.021287e+05	2015	1	2	0
	0	24	-175.000000	69.000000	1.021619e+05	2015	1	2	6
	0	40	-175.000000	65.000000	1.018806e+05	2015	1	2	15
start	33	2015	1	1	0
	580	173	-30.000000	31.750000	1.030122e+05	2015	1	1	0
	580	172	-30.000000	32.000000	1.029998e+05	2015	1	1	3
	580	171	-30.000000	32.250000	1.029221e+05	2015	1	1	6
	580	170	-30.000000	32.500000	1.030122e+05	2015	1	1	9
	580	169	-30.000000	32.750000	1.032061e+05	2015	1	1	12
	580	168	-30.000000	33.000000	1.030392e+05	2015	1	1	15
	580	165	-30.000000	33.750000	1.030861e+05	2015	1	1	18
	580	164	-30.000000	34.000000	1.031971e+05	2015	1	1	21
	580	165	-30.000000	33.750000	1.032489e+05	2015	1	2	0
	580	164	-30.000000	34.000000	1.032675e+05	2015	1	2	3
	580	162	-30.000000	34.500000	1.031782e+05	2015	1	2	6
	580	161	-30.000000	34.750000	1.032744e+05	2015	1	2	9
	580	160	-30.000000	35.000000	1.033548e+05	2015	1	2	12
	580	160	-30.000000	35.000000	1.032576e+05	2015	1	2	15
	580	159	-30.000000	35.250000	1.032085e+05	2015	1	2	18
	580	158	-30.000000	35.500000	1.033024e+05	2015	1	2	21
	580	159	-30.000000	35.250000	1.032889e+05	2015	1	3	0
	580	157	-30.000000	35.750000	1.032470e+05	2015	1	3	3
	580	156	-30.000000	36.000000	1.031822e+05	2015	1	3	6
	580	154	-30.000000	36.500000	1.032032e+05	2015	1	3	9
	580	158	-30.000000	35.500000	1.032969e+05	2015	1	3	12
	580	161	-30.000000	34.750000	1.030831e+05	2015	1	3	15
	580	161	-30.000000	34.750000	1.030272e+05	2015	1	3	18
	580	159	-30.000000	35.250000	1.030763e+05	2015	1	3	21
	580	159	-30.000000	35.250000	1.030666e+05	2015	1	4	0
	580	165	-30.000000	33.750000	1.029550e+05	2015	1	4	3
	580	174	-30.000000	31.500000	1.028902e+05	2015	1	4	12
	580	173	-30.000000	31.750000	1.026909e+05	2015	1	4	15
	580	176	-30.000000	31.000000	1.026534e+05	2015	1	4	18
	580	179	-30.000000	30.250000	1.027586e+05	2015	1	4	21
	580	183	-30.000000	29.250000	1.028319e+05	2015	1	5	0
	580	181	-30.000000	29.750000	1.028252e+05	2015	1	5	3
	580	183	-30.000000	29.250000	1.028450e+05	2015	1	5	9
start	9	2015	1	1	12
	108	0	-148.000000	75.000000	1.041629e+05	2015	1	1	12
	116	0	-146.000000	75.000000	1.041497e+05	2015	1	1	15
	116	0	-146.000000	75.000000	1.041379e+05	2015	1	1	18
	123	0	-144.250000	75.000000	1.041166e+05	2015	1	1	21
	124	0	-144.000000	75.000000	1.041547e+05	2015	1	2	0
	133	3	-141.750000	74.250000	1.041092e+05	2015	1	2	3
	138	8	-140.500000	73.000000	1.041324e+05	2015	1	2	6
	142	28	-139.500000	68.000000	1.046770e+05	2015	1	2	18
	151	32	-137.250000	67.000000	1.048115e+05	2015	1	3	3
start	7	2015	1	1	12
	0	209	-175.000000	22.750000	1.017106e+05	2015	1	1	12
	0	210	-175.000000	22.500000	1.015962e+05	2015	1	1	15
	0	212	-175.000000	22.000000	1.017323e+05	2015	1	1	21
	0	216	-175.000000	21.000000	1.014499e+05	2015	1	2	0
	0	220	-175.000000	20.000000	1.012835e+05	2015	1	2	3
	0	220	-175.000000	20.000000	1.013849e+05	2015	1	2	6
	0	220	-175.000000	20.000000	1.013434e+05	2015	1	2	9
start	12	2015	1	3	9
	0	174	-175.000000	31.500000	1.018929e+05	2015	1	3	9
	0	181	-175.000000	29.750000	1.017366e+05	2015	1	3	21
	0	193	-175.000000	26.750000	1.014591e+05	2015	1	4	0
	0	193	-175.000000	26.750000	1.013892e+05	2015	1	4	3
	0	198	-175.000000	25.500000	1.014387e+05	2015	1	4	6
	0	200	-175.000000	25.000000	1.014512e+05	2015	1	4	9
	0	199	-175.000000	25.250000	1.013897e+05	2015	1	4	12
	0	201	-175.000000	24.750000	1.013199e+05	2015	1	4	15
	0	203	-175.000000	24.250000	1.014124e+05	2015	1	4	18
	0	207	-175.000000	23.250000	1.016126e+05	2015	1	4	21
	1	210	-174.750000	22.500000	1.014551e+05	2015	1	5	0
	0	205	-175.000000	23.750000	1.013977e+05	2015	1	5	3
start	43	2015	1	4	9
	572	1	-32.000000	74.750000	1.020344e+05	2015	1	4	9
	580	13	-30.000000	71.750000	1.019904e+05	2015	1	4	12
	556	0	-36.000000	75.000000	1.022059e+05	2015	1	4	15
	552	0	-37.000000	75.000000	1.023329e+05	2015	1	4	18
	555	0	-36.250000	75.000000	1.023959e+05	2015	1	4	21
	555	0	-36.250000	75.000000	1.021746e+05	2015	1	5	0
	580	1	-30.000000	74.750000	1.017519e+05	2015	1	5	3
	580	0	-30.000000	75.000000	1.014868e+05	2015	1	5	6
	552	0	-37.000000	75.000000	1.012328e+05	2015	1	5	9
	546	0	-38.500000	75.000000	1.008925e+05	2015	1	5	12
	541	0	-39.750000	75.000000	1.005248e+05	2015	1	5	15
	580	0	-30.000000	75.000000	1.002796e+05	2015	1	5	18
	562	0	-34.500000	75.000000	1.000576e+05	2015	1	5	21
	544	0	-39.000000	75.000000	9.988406e+04	2015	1	6	0
	540	0	-40.000000	75.000000	9.978406e+04	2015	1	6	3
	540	0	-40.000000	75.000000	9.973212e+04	2015	1	6	6
	540	0	-40.000000	75.000000	9.965888e+04	2015	1	6	9
	539	0	-40.250000	75.000000	9.946456e+04	2015	1	6	12
	538	0	-40.500000	75.000000	9.915862e+04	2015	1	6	15
	523	0	-44.250000	75.000000	9.902000e+04	2015	1	6	18
	556	2	-36.000000	74.500000	9.894144e+04	2015	1	6	21
	558	1	-35.500000	74.750000	9.890388e+04	2015	1	7	0
	571	0	-32.250000	75.000000	9.894106e+04	2015	1	7	3
	576	0	-31.000000	75.000000	9.887662e+04	2015	1	7	6
	580	0	-30.000000	75.000000	9.886544e+04	2015	1	7	9
	550	0	-37.500000	75.000000	9.880525e+04	2015	1	7	12
	552	0	-37.000000	75.000000	9.873112e+04	2015	1	7	15
	548	0	-38.000000	75.000000	9.873075e+04	2015	1	7	18
	542	0	-39.500000	75.000000	9.880588e+04	2015	1	7	21
	548	0	-38.000000	75.000000	9.878131e+04	2015	1	8	0
	549	0	-37.750000	75.000000	9.875125e+04	2015	1	8	3
	542	0	-39.500000	75.000000	9.881062e+04	2015	1	8	6
	544	0	-39.000000	75.000000	9.874431e+04	2015	1	8	9
	540	0	-40.000000	75.000000	9.871175e+04	2015	1	8	12
	544	0	-39.000000	75.000000	9.875681e+04	2015	1	8	15
	542	0	-39.500000	75.000000	9.878875e+04	2015	1	8	18
	544	0	-39.000000	75.000000	9.910212e+04	2015	1	8	21
	540	0	-40.000000	75.000000	9.913206e+04	2015	1	9	0
	540	0	-40.000000	75.000000	9.917881e+04	2015	1	9	3
	552	0	-37.000000	75.000000	9.915969e+04	2015	1	9	6
	538	0	-40.500000	75.000000	9.934888e+04	2015	1	9	9
	530	0	-42.500000	75.000000	9.936706e+04	2015	1	9	12
	528	0	-43.000000	75.000000	9.919500e+04	2015	1	9	15
start	36	2015	1	6	18
	0	30	-175.000000	67.500000	1.043508e+05	2015	1	6	18
	0	26	-175.000000	68.500000	1.043867e+05	2015	1	6	21
	0	27	-175.000000	68.250000	1.042674e+05	2015	1	7	0
	0	27	-175.000000	68.250000	1.041691e+05	2015	1	7	3
	0	24	-175.000000	69.000000	1.040949e+05	2015	1	7	6
	0	17	-175.000000	70.750000	1.040559e+05	2015	1	7	9
	0	18	-175.000000	70.500000	1.039075e+05	2015	1	7	12
	0	22	-175.000000	69.500000	1.037476e+05	2015	1	7	15
	0	16	-175.000000	71.000000	1.037275e+05	2015	1	7	18
	0	15	-175.000000	71.250000	1.036766e+05	2015	1	7	21
	0	11	-175.000000	72.250000	1.035333e+05	2015	1	8	0
	0	7	-175.000000	73.250000	1.034598e+05	2015	1	8	3
	0	2	-175.000000	74.500000	1.033716e+05	2015	1	8	6
	0	0	-175.000000	75.000000	1.032761e+05	2015	1	8	9
	0	0	-175.000000	75.000000	1.031218e+05	2015	1	8	12
	0	0	-175.000000	75.000000	1.028911e+05	2015	1	8	15
	0	0	-175.000000	75.000000	1.026898e+05	2015	1	8	18
	0	0	-175.000000	75.000000	1.024914e+05	2015	1	8	21
	0	0	-175.000000	75.000000	1.022891e+05	2015	1	9	0
	0	0	-175.000000	75.000000	1.020256e+05	2015	1	9	3
	0	0	-175.000000	75.000000	1.017677e+05	2015	1	9	6
	0	19	-175.000000	70.250000	1.017241e+05	2015	1	9	9
	0	23	-175.000000	69.250000	1.017741e+05	2015	1	9	12
	0	24	-175.000000	69.000000	1.018568e+05	2015	1	9	15
	0	20	-175.000000	70.000000	1.018774e+05	2015	1	9	18
	0	21	-175.000000	69.750000	1.020703e+05	2015	1	9	21
	0	15	-175.000000	71.250000	1.022498e+05	2015	1	10	0
	0	11	-175.000000	72.250000	1.024838e+05	2015	1	10	3
	0	9	-175.000000	72.750000	1.027002e+05	2015	1	10	6
	0	10	-175.000000	72.500000	1.029282e+05	2015	1	10	9
	0	9	-175.000000	72.750000	1.031621e+05	2015	1	10	12
	0	8	-175.000000	73.000000	1.032714e+05	2015	1	10	15
	0	7	-175.000000	73.250000	1.033491e+05	2015	1	10	18
	0	7	-175.000000	73.250000	1.034342e+05	2015	1	10	21
	0	6	-175.000000	73.500000	1.035080e+05	2015	1	11	0
	0	6	-175.000000	73.500000	1.034839e+05	2015	1	11	3
start	10	2015	1	9	15
	0	211	-175.000000	22.250000	1.012540e+05	2015	1	9	15
	0	220	-175.000000	20.000000	1.012876e+05	2015	1	9	18
	0	220	-175.000000	20.000000	1.014333e+05	2015	1	9	21
	0	220	-175.000000	20.000000	1.012638e+05	2015	1	10	0
	0	215	-175.000000	21.250000	1.012403e+05	2015	1	10	3
	0	216	-175.000000	21.000000	1.013662e+05	2015	1	10	6
	0	216	-175.000000	21.000000	1.013927e+05	2015	1	10	9
	0	214	-175.000000	21.500000	1.012896e+05	2015	1	10	12
	0	216	-175.000000	21.000000	1.012532e+05	2015	1	10	15
	0	220	-175.000000	20.000000	1.013089e+05	2015	1	10	18
start	7	2015	1	10	0
	0	83	-175.000000	54.250000	1.002162e+05	2015	1	10	0
	0	80	-175.000000	55.000000	1.001653e+05	2015	1	10	3
	0	78	-175.000000	55.500000	1.001477e+05	2015	1	10	6
	0	74	-175.000000	56.500000	1.001682e+05	2015	1	10	9
	0	72	-175.000000	57.000000	1.002181e+05	2015	1	10	12
	0	69	-175.000000	57.750000	1.001839e+05	2015	1	10	15
	0	66	-175.000000	58.500000	1.001511e+05	2015	1	10	18
start	49	2015	1	10	9
	580	0	-30.000000	75.000000	9.990994e+04	2015	1	10	9
	580	0	-30.000000	75.000000	1.004384e+05	2015	1	10	12
	552	0	-37.000000	75.000000	1.009721e+05	2015	1	10	18
	548	0	-38.000000	75.000000	1.011400e+05	2015	1	10	21
	549	0	-37.750000	75.000000	1.011380e+05	2015	1	11	0
	540	0	-40.000000	75.000000	1.009594e+05	2015	1	11	3
	564	0	-34.000000	75.000000	1.009129e+05	2015	1	11	6
	552	0	-37.000000	75.000000	1.009111e+05	2015	1	11	9
	552	0	-37.000000	75.000000	1.011879e+05	2015	1	11	12
	552	0	-37.000000	75.000000	1.010195e+05	2015	1	11	15
	564	1	-34.000000	74.750000	1.009474e+05	2015	1	11	18
	564	1	-34.000000	74.750000	1.008958e+05	2015	1	11	21
	568	0	-33.000000	75.000000	1.008972e+05	2015	1	12	0
	564	0	-34.000000	75.000000	1.009611e+05	2015	1	12	3
	564	0	-34.000000	75.000000	1.009189e+05	2015	1	12	6
	572	1	-32.000000	74.750000	1.009596e+05	2015	1	12	9
	548	0	-38.000000	75.000000	1.008194e+05	2015	1	12	12
	568	0	-33.000000	75.000000	1.008871e+05	2015	1	12	15
	572	1	-32.000000	74.750000	1.011272e+05	2015	1	12	18
	572	1	-32.000000	74.750000	1.011648e+05	2015	1	12	21
	572	1	-32.000000	74.750000	1.011420e+05	2015	1	13	0
	572	1	-32.000000	74.750000	1.012584e+05	2015	1	13	3
	568	1	-33.000000	74.750000	1.013562e+05	2015	1	13	6
	572	1	-32.000000	74.750000	1.013751e+05	2015	1	13	9
	572	1	-32.000000	74.750000	1.013929e+05	2015	1	13	12
	572	2	-32.000000	74.500000	1.014004e+05	2015	1	13	15
	554	0	-36.500000	75.000000	1.014254e+05	2015	1	13	18
	520	0	-45.000000	75.000000	1.014319e+05	2015	1	13	21
	572	2	-32.000000	74.500000	1.014602e+05	2015	1	14	0
	572	2	-32.000000	74.500000	1.015500e+05	2015	1	14	3
	571	3	-32.250000	74.250000	1.015862e+05	2015	1	14	6
	561	3	-34.750000	74.250000	1.016017e+05	2015	1	14	9
	557	3	-35.750000	74.250000	1.015831e+05	2015	1	14	12
	556	3	-36.000000	74.250000	1.016392e+05	2015	1	14	15
	556	3	-36.000000	74.250000	1.015658e+05	2015	1	14	18
	556	2	-36.000000	74.500000	1.016099e+05	2015	1	14	21
	552	0	-37.000000	75.000000	1.015316e+05	2015	1	15	0
	552	0	-37.000000	75.000000	1.015441e+05	2015	1	15	3
	556	2	-36.000000	74.500000	1.015827e+05	2015	1	15	6
	556	2	-36.000000	74.500000	1.016266e+05	2015	1	15	9
	552	0	-37.000000	75.000000	1.017399e+05	2015	1	15	12
	563	3	-34.250000	74.250000	1.020019e+05	2015	1	15	15
	556	1	-36.000000	74.750000	1.021604e+05	2015	1	15	18
	550	0	-37.500000	75.000000	1.021208e+05	2015	1	15	21
	548	0	-38.000000	75.000000	1.021088e+05	2015	1	16	0
	540	0	-40.000000	75.000000	1.018482e+05	2015	1	16	3
	538	0	-40.500000	75.000000	1.018060e+05	2015	1	16	6
	532	0	-42.000000	75.000000	1.017665e+05	2015	1	16	9
	532	0	-42.000000	75.000000	1.016098e+05	2015	1	16	12
start	27	2015	1	12	21
	0	220	-175.000000	20.000000	1.013938e+05	2015	1	12	21
	0	220	-175.000000	20.000000	1.011199e+05	2015	1	13	3
	0	220	-175.000000	20.000000	1.012254e+05	2015	1	13	6
	0	220	-175.000000	20.000000	1.013171e+05	2015	1	13	9
	0	220	-175.000000	20.000000	1.012504e+05	2015	1	13	12
	0	220	-175.000000	20.000000	1.011364e+05	2015	1	13	15
	0	220	-175.000000	20.000000	1.011952e+05	2015	1	13	18
	0	196	-175.000000	26.000000	1.006342e+05	2015	1	14	6
	0	220	-175.000000	20.000000	1.010865e+05	2015	1	14	15
	0	220	-175.000000	20.000000	1.013794e+05	2015	1	14	21
	0	220	-175.000000	20.000000	1.012203e+05	2015	1	15	0
	0	213	-175.000000	21.750000	1.011426e+05	2015	1	15	3
	0	219	-175.000000	20.250000	1.014636e+05	2015	1	15	9
	0	219	-175.000000	20.250000	1.014529e+05	2015	1	15	12
	0	214	-175.000000	21.500000	1.013934e+05	2015	1	15	15
	0	208	-175.000000	23.000000	1.015609e+05	2015	1	15	18
	0	209	-175.000000	22.750000	1.018002e+05	2015	1	15	21
	0	211	-175.000000	22.250000	1.016418e+05	2015	1	16	0
	0	209	-175.000000	22.750000	1.016252e+05	2015	1	16	3
	0	207	-175.000000	23.250000	1.017708e+05	2015	1	16	6
	0	208	-175.000000	23.000000	1.019088e+05	2015	1	16	9
	0	211	-175.000000	22.250000	1.019023e+05	2015	1	16	12
	0	200	-175.000000	25.000000	1.018608e+05	2015	1	16	15
	0	194	-175.000000	26.500000	1.019476e+05	2015	1	16	18
	0	205	-175.000000	23.750000	1.021038e+05	2015	1	16	21
	0	196	-175.000000	26.000000	1.019776e+05	2015	1	17	0
	0	197	-175.000000	25.750000	1.018388e+05	2015	1	17	3
start	33	2015	1	14	18
	557	177	-35.750000	30.750000	1.029478e+05	2015	1	14	18
	545	173	-38.750000	31.750000	1.031074e+05	2015	1	14	21
	546	174	-38.500000	31.500000	1.032511e+05	2015	1	15	0
	543	173	-39.250000	31.750000	1.031979e+05	2015	1	15	3
	544	173	-39.000000	31.750000	1.031602e+05	2015	1	15	6
	545	172	-38.750000	32.000000	1.031779e+05	2015	1	15	9
	549	168	-37.750000	33.000000	1.033899e+05	2015	1	15	12
	550	165	-37.500000	33.750000	1.033680e+05	2015	1	15	21
	553	164	-36.750000	34.000000	1.033445e+05	2015	1	16	3
	580	161	-30.000000	34.750000	1.034410e+05	2015	1	16	15
	580	159	-30.000000	35.250000	1.034393e+05	2015	1	16	18
	580	159	-30.000000	35.250000	1.035695e+05	2015	1	16	21
	580	161	-30.000000	34.750000	1.036336e+05	2015	1	17	0
	580	163	-30.000000	34.250000	1.035698e+05	2015	1	17	3
	580	161	-30.000000	34.750000	1.034390e+05	2015	1	17	6
	580	162	-30.000000	34.500000	1.034425e+05	2015	1	17	9
	580	160	-30.000000	35.000000	1.035734e+05	2015	1	17	12
	580	160	-30.000000	35.000000	1.034566e+05	2015	1	17	15
	580	164	-30.000000	34.000000	1.033732e+05	2015	1	17	18
	580	160	-30.000000	35.000000	1.034516e+05	2015	1	17	21
	580	160	-30.000000	35.000000	1.035170e+05	2015	1	18	0
	580	162	-30.000000	34.500000	1.034623e+05	2015	1	18	3
	580	157	-30.000000	35.750000	1.034130e+05	2015	1	18	6
	580	157	-30.000000	35.750000	1.034694e+05	2015	1	18	9
	579	159	-30.250000	35.250000	1.036132e+05	2015	1	18	12
	578	156	-30.500000	36.000000	1.034815e+05	2015	1	18	15
	577	156	-30.750000	36.000000	1.035201e+05	2015	1	18	18
	579	154	-30.250000	36.500000	1.036654e+05	2015	1	18	21
	579	151	-30.250000	37.250000	1.037294e+05	2015	1	19	0
	573	154	-31.750000	36.500000	1.037012e+05	2015	1	19	3
	573	156	-31.750000	36.000000	1.036098e+05	2015	1	19	6
	578	151	-30.500000	37.250000	1.036144e+05	2015	1	19	9
	572	154	-32.000000	36.500000	1.037352e+05	2015	1	19	12
start	9	2015	1	16	9
	227	0	-118.250000	75.000000	1.015292e+05	2015	1	16	9
	224	0	-119.000000	75.000000	1.015221e+05	2015	1	16	12
	216	0	-121.000000	75.000000	1.014778e+05	2015	1	16	15
	210	0	-122.500000	75.000000	1.015788e+05	2015	1	16	21
	179	0	-130.250000	75.000000	1.017160e+05	2015	1	17	6
	178	0	-130.500000	75.000000	1.017445e+05	2015	1	17	9
	172	0	-132.000000	75.000000	1.017646e+05	2015	1	17	12
	172	0	-132.000000	75.000000	1.017101e+05	2015	1	17	15
	171	0	-132.250000	75.000000	1.016240e+05	2015	1	17	18
start	46	2015	1	18	3
	0	207	-175.000000	23.250000	1.015078e+05	2015	1	18	3
	0	209	-175.000000	22.750000	1.015362e+05	2015	1	18	6
	0	211	-175.000000	22.250000	1.015904e+05	2015	1	18	9
	0	206	-175.000000	23.500000	1.014297e+05	2015	1	18	12
	0	214	-175.000000	21.500000	1.013308e+05	2015	1	18	15
	0	220	-175.000000	20.000000	1.013506e+05	2015	1	18	18
	0	220	-175.000000	20.000000	1.015007e+05	2015	1	18	21
	0	220	-175.000000	20.000000	1.013359e+05	2015	1	19	0
	0	220	-175.000000	20.000000	1.013000e+05	2015	1	19	6
	0	220	-175.000000	20.000000	1.013759e+05	2015	1	19	9
	0	220	-175.000000	20.000000	1.011902e+05	2015	1	19	15
	0	220	-175.000000	20.000000	1.013292e+05	2015	1	19	18
	0	220	-175.000000	20.000000	1.013332e+05	2015	1	20	0
	0	220	-175.000000	20.000000	1.011998e+05	2015	1	20	3
	0	220	-175.000000	20.000000	1.013538e+05	2015	1	20	6
	0	220	-175.000000	20.000000	1.014548e+05	2015	1	20	9
	0	220	-175.000000	20.000000	1.014023e+05	2015	1	20	12
	0	220	-175.000000	20.000000	1.013351e+05	2015	1	20	15
	0	220	-175.000000	20.000000	1.014106e+05	2015	1	20	18
	0	220	-175.000000	20.000000	1.012669e+05	2015	1	21	3
	0	220	-175.000000	20.000000	1.013341e+05	2015	1	21	6
	0	220	-175.000000	20.000000	1.014340e+05	2015	1	21	9
	0	220	-175.000000	20.000000	1.013458e+05	2015	1	21	12
	0	220	-175.000000	20.000000	1.013215e+05	2015	1	22	0
	0	220	-175.000000	20.000000	1.012084e+05	2015	1	22	3
	0	220	-175.000000	20.000000	1.013361e+05	2015	1	22	6
	0	220	-175.000000	20.000000	1.014884e+05	2015	1	22	9
	0	217	-175.000000	20.750000	1.014479e+05	2015	1	22	12
	0	218	-175.000000	20.500000	1.013892e+05	2015	1	22	15
	0	207	-175.000000	23.250000	1.015184e+05	2015	1	22	18
	0	214	-175.000000	21.500000	1.017458e+05	2015	1	22	21
	0	216	-175.000000	21.000000	1.016234e+05	2015	1	23	0
	0	217	-175.000000	20.750000	1.016146e+05	2015	1	23	3
	0	214	-175.000000	21.500000	1.016724e+05	2015	1	23	6
	0	208	-175.000000	23.000000	1.017644e+05	2015	1	23	9
	0	198	-175.000000	25.500000	1.017988e+05	2015	1	23	12
	0	206	-175.000000	23.500000	1.017562e+05	2015	1	23	15
	0	206	-175.000000	23.500000	1.018328e+05	2015	1	23	18
	0	196	-175.000000	26.000000	1.020342e+05	2015	1	23	21
	0	194	-175.000000	26.500000	1.019486e+05	2015	1	24	0
	0	194	-175.000000	26.500000	1.019482e+05	2015	1	24	3
	0	195	-175.000000	26.250000	1.020660e+05	2015	1	24	6
	0	196	-175.000000	26.000000	1.022379e+05	2015	1	24	9
	0	184	-175.000000	29.000000	1.022923e+05	2015	1	24	12
	0	181	-175.000000	29.750000	1.022586e+05	2015	1	24	15
	0	182	-175.000000	29.500000	1.023310e+05	2015	1	24	18
start	10	2015	1	18	15
	580	28	-30.000000	68.000000	1.024608e+05	2015	1	18	15
	580	27	-30.000000	68.250000	1.020734e+05	2015	1	18	18
	562	23	-34.500000	69.250000	1.017962e+05	2015	1	18	21
	559	17	-35.250000	70.750000	1.017254e+05	2015	1	19	0
	556	16	-36.000000	71.000000	1.014388e+05	2015	1	19	3
	580	6	-30.000000	73.500000	1.012585e+05	2015	1	19	6
	572	1	-32.000000	74.750000	1.012186e+05	2015	1	19	9
	572	0	-32.000000	75.000000	1.010957e+05	2015	1	19	12
	572	0	-32.000000	75.000000	1.008675e+05	2015	1	19	15
	572	0	-32.000000	75.000000	1.006578e+05	2015	1	19	18
start	4	2015	1	19	12
	0	83	-175.000000	54.250000	9.976144e+04	2015	1	19	12
	0	77	-175.000000	55.750000	9.977375e+04	2015	1	19	18
	0	74	-175.000000	56.500000	9.992075e+04	2015	1	19	21
	0	70	-175.000000	57.500000	9.998544e+04	2015	1	20	0
start	20	2015	1	21	12
	580	143	-30.000000	39.250000	1.034461e+05	2015	1	21	12
	580	144	-30.000000	39.000000	1.032746e+05	2015	1	21	15
	580	144	-30.000000	39.000000	1.032668e+05	2015	1	21	18
	580	146	-30.000000	38.500000	1.033928e+05	2015	1	21	21
	580	146	-30.000000	38.500000	1.034338e+05	2015	1	22	0
	580	152	-30.000000	37.000000	1.033617e+05	2015	1	22	3
	580	150	-30.000000	37.500000	1.033439e+05	2015	1	22	6
	580	150	-30.000000	37.500000	1.033969e+05	2015	1	22	9
	580	154	-30.000000	36.500000	1.034587e+05	2015	1	22	12
	580	149	-30.000000	37.750000	1.033038e+05	2015	1	22	15
	580	150	-30.000000	37.500000	1.032791e+05	2015	1	22	18
	580	152	-30.000000	37.000000	1.033541e+05	2015	1	22	21
	580	152	-30.000000	37.000000	1.033834e+05	2015	1	23	0
	580	154	-30.000000	36.500000	1.033094e+05	2015	1	23	3
	580	153	-30.000000	36.750000	1.032026e+05	2015	1	23	6
	580	154	-30.000000	36.500000	1.032144e+05	2015	1	23	9
	580	154	-30.000000	36.500000	1.033175e+05	2015	1	23	12
	580	157	-30.000000	35.750000	1.031374e+05	2015	1	23	15
	580	163	-30.000000	34.250000	1.031284e+05	2015	1	24	0
	580	162	-30.000000	34.500000	1.028878e+05	2015	1	24	6
start	62	2015	1	25	6
	580	159	-30.000000	35.250000	1.027112e+05	2015	1	25	6
	580	158	-30.000000	35.500000	1.028011e+05	2015	1	25	9
	580	154	-30.000000	36.500000	1.029507e+05	2015	1	25	12
	580	153	-30.000000	36.750000	1.028909e+05	2015	1	25	15
	580	147	-30.000000	38.250000	1.029099e+05	2015	1	25	18
	580	149	-30.000000	37.750000	1.030926e+05	2015	1	25	21
	580	147	-30.000000	38.250000	1.031968e+05	2015	1	26	0
	580	151	-30.000000	37.250000	1.032211e+05	2015	1	26	3
	580	147	-30.000000	38.250000	1.032743e+05	2015	1	26	6
	580	148	-30.000000	38.000000	1.033843e+05	2015	1	26	9
	580	148	-30.000000	38.000000	1.035626e+05	2015	1	26	12
	580	147	-30.000000	38.250000	1.035289e+05	2015	1	26	15
	580	146	-30.000000	38.500000	1.035895e+05	2015	1	26	18
	580	146	-30.000000	38.500000	1.037519e+05	2015	1	26	21
	580	143	-30.000000	39.250000	1.038611e+05	2015	1	27	0
	580	145	-30.000000	38.750000	1.039102e+05	2015	1	27	3
	580	144	-30.000000	39.000000	1.039278e+05	2015	1	27	6
	580	146	-30.000000	38.500000	1.039796e+05	2015	1	27	9
	580	144	-30.000000	39.000000	1.041682e+05	2015	1	27	12
	580	146	-30.000000	38.500000	1.040533e+05	2015	1	27	18
	580	144	-30.000000	39.000000	1.041673e+05	2015	1	27	21
	580	143	-30.000000	39.250000	1.042151e+05	2015	1	28	0
	580	143	-30.000000	39.250000	1.041391e+05	2015	1	28	3
	580	144	-30.000000	39.000000	1.040558e+05	2015	1	28	6
	580	144	-30.000000	39.000000	1.040678e+05	2015	1	28	9
	566	144	-33.500000	39.000000	1.040452e+05	2015	1	28	15
	580	145	-30.000000	38.750000	1.039666e+05	2015	1	28	21
	580	145	-30.000000	38.750000	1.040131e+05	2015	1	29	0
	579	145	-30.250000	38.750000	1.039073e+05	2015	1	29	3
	578	145	-30.500000	38.750000	1.038119e+05	2015	1	29	6
	580	147	-30.000000	38.250000	1.038005e+05	2015	1	29	9
	574	144	-31.500000	39.000000	1.039181e+05	2015	1	29	12
	570	145	-32.500000	38.750000	1.037448e+05	2015	1	29	15
	567	145	-33.250000	38.750000	1.036217e+05	2015	1	29	18
	580	148	-30.000000	38.000000	1.036716e+05	2015	1	29	21
	580	148	-30.000000	38.000000	1.036369e+05	2015	1	30	0
	580	153	-30.000000	36.750000	1.035112e+05	2015	1	30	3
	572	142	-32.000000	39.500000	1.034117e+05	2015	1	30	6
	580	153	-30.000000	36.750000	1.034396e+05	2015	1	30	9
	580	153	-30.000000	36.750000	1.034443e+05	2015	1	30	12
	580	153	-30.000000	36.750000	1.032441e+05	2015	1	30	15
	574	145	-31.500000	38.750000	1.031222e+05	2015	1	30	18
	569	142	-32.750000	39.500000	1.032036e+05	2015	1	30	21
	572	143	-32.000000	39.250000	1.032477e+05	2015	1	31	0
	572	143	-32.000000	39.250000	1.031978e+05	2015	1	31	3
	572	141	-32.000000	39.750000	1.030912e+05	2015	1	31	6
	573	140	-31.750000	40.000000	1.031357e+05	2015	1	31	9
	569	136	-32.750000	41.000000	1.032004e+05	2015	1	31	12
	569	137	-32.750000	40.750000	1.031227e+05	2015	1	31	15
	573	136	-31.750000	41.000000	1.030969e+05	2015	1	31	18
	573	135	-31.750000	41.250000	1.031790e+05	2015	1	31	21
	578	134	-30.500000	41.500000	1.032301e+05	2015	2	1	0
	579	134	-30.250000	41.500000	1.031252e+05	2015	2	1	3
	579	135	-30.250000	41.250000	1.029968e+05	2015	2	1	6
	580	131	-30.000000	42.250000	1.030342e+05	2015	2	1	9
	580	133	-30.000000	41.750000	1.031097e+05	2015	2	1	12
	580	134	-30.000000	41.500000	1.029434e+05	2015	2	1	15
	580	128	-30.000000	43.000000	1.028326e+05	2015	2	1	18
	580	133	-30.000000	41.750000	1.028246e+05	2015	2	1	21
	580	133	-30.000000	41.750000	1.027878e+05	2015	2	2	0
	580	122	-30.000000	44.500000	1.026502e+05	2015	2	2	3
	580	122	-30.000000	44.500000	1.025459e+05	2015	2	2	6
start	13	2015	1	27	3
	554	0	-36.500000	75.000000	1.000422e+05	2015	1	27	3
	554	0	-36.500000	75.000000	9.993175e+04	2015	1	27	6
	580	0	-30.000000	75.000000	9.984562e+04	2015	1	27	9
	580	0	-30.000000	75.000000	1.000244e+05	2015	1	27	12
	580	0	-30.000000	75.000000	1.001228e+05	2015	1	27	15
	580	0	-30.000000	75.000000	1.002618e+05	2015	1	27	18
	580	0	-30.000000	75.000000	1.004753e+05	2015	1	27	21
	580	0	-30.000000	75.000000	1.007086e+05	2015	1	28	0
	580	0	-30.000000	75.000000	1.009454e+05	2015	1	28	3
	580	0	-30.000000	75.000000	1.012223e+05	2015	1	28	6
	564	0	-34.000000	75.000000	1.015810e+05	2015	1	28	9
	572	1	-32.000000	74.750000	1.018134e+05	2015	1	28	12
	580	7	-30.000000	73.250000	1.019609e+05	2015	1	28	18
start	13	2015	1	28	15
	0	46	-175.000000	63.500000	1.035754e+05	2015	1	28	15
	0	46	-175.000000	63.500000	1.036229e+05	2015	1	28	18
	0	51	-175.000000	62.250000	1.037151e+05	2015	1	28	21
	0	56	-175.000000	61.000000	1.037479e+05	2015	1	29	0
	0	58	-175.000000	60.500000	1.037481e+05	2015	1	29	3
	0	61	-175.000000	59.750000	1.037851e+05	2015	1	29	6
	0	63	-175.000000	59.250000	1.038250e+05	2015	1	29	9
	0	66	-175.000000	58.500000	1.038906e+05	2015	1	29	12
	0	64	-175.000000	59.000000	1.038663e+05	2015	1	29	15
	0	66	-175.000000	58.500000	1.038462e+05	2015	1	29	18
	0	64	-175.000000	59.000000	1.038516e+05	2015	1	29	21
	0	64	-175.000000	59.000000	1.038911e+05	2015	1	30	0
	0	64	-175.000000	59.000000	1.038937e+05	2015	1	30	3
start	3	2015	1	30	18
	302	211	-99.500000	22.250000	1.025969e+05	2015	1	30	18
	308	220	-98.000000	20.000000	1.022491e+05	2015	1	30	21
	307	220	-98.250000	20.000000	1.022922e+05	2015	1	31	6
start	17	2015	2	1	15
	0	68	-175.000000	58.000000	1.021336e+05	2015	2	1	15
	0	68	-175.000000	58.000000	1.021579e+05	2015	2	1	18
	0	68	-175.000000	58.000000	1.022296e+05	2015	2	1	21
	0	70	-175.000000	57.500000	1.023123e+05	2015	2	2	0
	0	70	-175.000000	57.500000	1.023928e+05	2015	2	2	3
	0	70	-175.000000	57.500000	1.024804e+05	2015	2	2	6
	0	63	-175.000000	59.250000	1.025866e+05	2015	2	2	9
	0	57	-175.000000	60.750000	1.027588e+05	2015	2	2	12
	0	58	-175.000000	60.500000	1.028761e+05	2015	2	2	15
	0	57	-175.000000	60.750000	1.028949e+05	2015	2	2	18
	0	57	-175.000000	60.750000	1.029432e+05	2015	2	2	21
	0	56	-175.000000	61.000000	1.029862e+05	2015	2	3	0
	0	52	-175.000000	62.000000	1.029746e+05	2015	2	3	3
	0	53	-175.000000	61.750000	1.030221e+05	2015	2	3	6
	0	51	-175.000000	62.250000	1.030640e+05	2015	2	3	9
	0	52	-175.000000	62.000000	1.029840e+05	2015	2	3	12
	5	37	-173.750000	65.750000	1.030175e+05	2015	2	4	0
start	35	2015	2	2	6
	0	220	-175.000000	20.000000	1.009086e+05	2015	2	2	6
	0	220	-175.000000	20.000000	1.009549e+05	2015	2	2	9
	0	220	-175.000000	20.000000	1.008973e+05	2015	2	2	12
	0	220	-175.000000	20.000000	1.007398e+05	2015	2	2	15
	0	220	-175.000000	20.000000	1.008482e+05	2015	2	3	0
	0	220	-175.000000	20.000000	1.007436e+05	2015	2	3	3
	0	220	-175.000000	20.000000	1.008997e+05	2015	2	3	15
	0	220	-175.000000	20.000000	1.012056e+05	2015	2	3	21
	0	220	-175.000000	20.000000	1.010410e+05	2015	2	4	0
	0	220	-175.000000	20.000000	1.008881e+05	2015	2	4	3
	0	220	-175.000000	20.000000	1.010076e+05	2015	2	4	6
	0	220	-175.000000	20.000000	1.011825e+05	2015	2	4	9
	0	220	-175.000000	20.000000	1.011468e+05	2015	2	4	12
	0	212	-175.000000	22.000000	1.011299e+05	2015	2	4	15
	0	212	-175.000000	22.000000	1.012049e+05	2015	2	4	18
	0	220	-175.000000	20.000000	1.013942e+05	2015	2	4	21
	0	214	-175.000000	21.500000	1.012846e+05	2015	2	5	0
	0	207	-175.000000	23.250000	1.012144e+05	2015	2	5	3
	0	209	-175.000000	22.750000	1.013453e+05	2015	2	5	6
	0	212	-175.000000	22.000000	1.015219e+05	2015	2	5	9
	0	211	-175.000000	22.250000	1.015396e+05	2015	2	5	12
	0	211	-175.000000	22.250000	1.015367e+05	2015	2	5	15
	0	214	-175.000000	21.500000	1.015748e+05	2015	2	5	18
	0	213	-175.000000	21.750000	1.017179e+05	2015	2	5	21
	0	215	-175.000000	21.250000	1.015596e+05	2015	2	6	0
	0	216	-175.000000	21.000000	1.013926e+05	2015	2	6	3
	0	219	-175.000000	20.250000	1.014783e+05	2015	2	6	6
	0	214	-175.000000	21.500000	1.016146e+05	2015	2	6	9
	0	211	-175.000000	22.250000	1.016115e+05	2015	2	6	12
	0	212	-175.000000	22.000000	1.014921e+05	2015	2	6	15
	0	213	-175.000000	21.750000	1.015694e+05	2015	2	6	18
	0	214	-175.000000	21.500000	1.017514e+05	2015	2	6	21
	0	212	-175.000000	22.000000	1.016351e+05	2015	2	7	0
	0	214	-175.000000	21.500000	1.014954e+05	2015	2	7	3
	23	214	-169.250000	21.500000	1.016877e+05	2015	2	7	12
start	36	2015	2	3	0
	580	179	-30.000000	30.250000	1.022035e+05	2015	2	3	0
	580	183	-30.000000	29.250000	1.021268e+05	2015	2	3	3
	580	188	-30.000000	28.000000	1.020163e+05	2015	2	3	6
	580	182	-30.000000	29.500000	1.020248e+05	2015	2	3	9
	580	186	-30.000000	28.500000	1.021145e+05	2015	2	3	12
	580	190	-30.000000	27.500000	1.019679e+05	2015	2	3	15
	580	182	-30.000000	29.500000	1.019327e+05	2015	2	3	18
	580	186	-30.000000	28.500000	1.019814e+05	2015	2	3	21
	580	197	-30.000000	25.750000	1.020488e+05	2015	2	4	0
	580	192	-30.000000	27.000000	1.019956e+05	2015	2	4	3
	580	186	-30.000000	28.500000	1.019236e+05	2015	2	4	6
	580	186	-30.000000	28.500000	1.019670e+05	2015	2	4	9
	580	190	-30.000000	27.500000	1.020840e+05	2015	2	4	12
	580	189	-30.000000	27.750000	1.019756e+05	2015	2	4	15
	580	183	-30.000000	29.250000	1.019329e+05	2015	2	4	18
	580	188	-30.000000	28.000000	1.019479e+05	2015	2	4	21
	580	211	-30.000000	22.250000	1.019706e+05	2015	2	5	0
	580	193	-30.000000	26.750000	1.018841e+05	2015	2	5	3
	580	204	-30.000000	24.000000	1.020264e+05	2015	2	5	12
	580	192	-30.000000	27.000000	1.018604e+05	2015	2	5	15
	580	201	-30.000000	24.750000	1.018748e+05	2015	2	5	18
	580	202	-30.000000	24.500000	1.019277e+05	2015	2	5	21
	580	204	-30.000000	24.000000	1.019601e+05	2015	2	6	0
	580	207	-30.000000	23.250000	1.017016e+05	2015	2	6	6
	580	212	-30.000000	22.000000	1.018280e+05	2015	2	6	12
	580	220	-30.000000	20.000000	1.016956e+05	2015	2	7	0
	580	220	-30.000000	20.000000	1.016142e+05	2015	2	7	3
	580	220	-30.000000	20.000000	1.015769e+05	2015	2	7	9
	580	220	-30.000000	20.000000	1.016784e+05	2015	2	7	12
	580	220	-30.000000	20.000000	1.015184e+05	2015	2	7	15
	580	220	-30.000000	20.000000	1.014090e+05	2015	2	7	18
	580	220	-30.000000	20.000000	1.015111e+05	2015	2	7	21
	580	220	-30.000000	20.000000	1.016321e+05	2015	2	8	0
	580	220	-30.000000	20.000000	1.016336e+05	2015	2	8	3
	580	220	-30.000000	20.000000	1.015218e+05	2015	2	8	6
	580	220	-30.000000	20.000000	1.015879e+05	2015	2	8	9
start	44	2015	2	3	3
	580	90	-30.000000	52.500000	1.024316e+05	2015	2	3	3
	580	110	-30.000000	47.500000	1.023893e+05	2015	2	3	6
	580	110	-30.000000	47.500000	1.025420e+05	2015	2	3	9
	580	118	-30.000000	45.500000	1.026710e+05	2015	2	3	12
	575	96	-31.250000	51.000000	1.031081e+05	2015	2	4	3
	579	91	-30.250000	52.250000	1.030803e+05	2015	2	4	6
	580	89	-30.000000	52.750000	1.030090e+05	2015	2	4	9
	580	88	-30.000000	53.000000	1.030038e+05	2015	2	4	12
	580	89	-30.000000	52.750000	1.029254e+05	2015	2	4	15
	580	86	-30.000000	53.500000	1.028041e+05	2015	2	4	18
	580	84	-30.000000	54.000000	1.026962e+05	2015	2	4	21
	580	82	-30.000000	54.500000	1.026533e+05	2015	2	5	0
	580	79	-30.000000	55.250000	1.024719e+05	2015	2	5	3
	580	77	-30.000000	55.750000	1.022448e+05	2015	2	5	6
	580	79	-30.000000	55.250000	1.021546e+05	2015	2	5	9
	580	100	-30.000000	50.000000	1.020609e+05	2015	2	5	12
	580	98	-30.000000	50.500000	1.020111e+05	2015	2	5	18
	580	100	-30.000000	50.000000	1.022107e+05	2015	2	5	21
	580	98	-30.000000	50.500000	1.023396e+05	2015	2	6	0
	580	96	-30.000000	51.000000	1.024428e+05	2015	2	6	3
	580	77	-30.000000	55.750000	1.035894e+05	2015	2	6	18
	580	71	-30.000000	57.250000	1.036651e+05	2015	2	7	0
	580	86	-30.000000	53.500000	1.036062e+05	2015	2	7	3
	580	90	-30.000000	52.500000	1.036063e+05	2015	2	7	6
	580	92	-30.000000	52.000000	1.036077e+05	2015	2	7	9
	580	89	-30.000000	52.750000	1.037639e+05	2015	2	7	12
	580	88	-30.000000	53.000000	1.036107e+05	2015	2	7	15
	580	95	-30.000000	51.250000	1.035192e+05	2015	2	7	18
	580	97	-30.000000	50.750000	1.035116e+05	2015	2	7	21
	580	102	-30.000000	49.500000	1.035046e+05	2015	2	8	0
	580	102	-30.000000	49.500000	1.033168e+05	2015	2	8	3
	580	106	-30.000000	48.500000	1.032132e+05	2015	2	8	6
	580	106	-30.000000	48.500000	1.031399e+05	2015	2	8	9
	580	108	-30.000000	48.000000	1.031920e+05	2015	2	8	12
	580	106	-30.000000	48.500000	1.029821e+05	2015	2	8	15
	580	106	-30.000000	48.500000	1.028609e+05	2015	2	8	18
	580	108	-30.000000	48.000000	1.028143e+05	2015	2	8	21
	580	108	-30.000000	48.000000	1.027498e+05	2015	2	9	0
	580	108	-30.000000	48.000000	1.024954e+05	2015	2	9	3
	580	115	-30.000000	46.250000	1.023562e+05	2015	2	9	6
	580	115	-30.000000	46.250000	1.023346e+05	2015	2	9	9
	580	116	-30.000000	46.000000	1.023467e+05	2015	2	9	12
	580	118	-30.000000	45.500000	1.021615e+05	2015	2	9	15
	580	116	-30.000000	46.000000	1.020947e+05	2015	2	9	18
start	6	2015	2	4	9
	580	115	-30.000000	46.250000	1.027312e+05	2015	2	4	9
	580	115	-30.000000	46.250000	1.027352e+05	2015	2	4	12
	580	114	-30.000000	46.500000	1.024134e+05	2015	2	4	21
	580	111	-30.000000	47.250000	1.022691e+05	2015	2	5	0
	580	106	-30.000000	48.500000	1.019653e+05	2015	2	5	6
	580	100	-30.000000	50.000000	1.020609e+05	2015	2	5	12
start	26	2015	2	8	21
	0	220	-175.000000	20.000000	1.014466e+05	2015	2	8	21
	0	211	-175.000000	22.250000	1.011172e+05	2015	2	9	3
	0	211	-175.000000	22.250000	1.012984e+05	2015	2	9	6
	0	216	-175.000000	21.000000	1.014251e+05	2015	2	9	9
	0	210	-175.000000	22.500000	1.014317e+05	2015	2	9	12
	0	212	-175.000000	22.000000	1.014485e+05	2015	2	9	15
	0	213	-175.000000	21.750000	1.015564e+05	2015	2	9	18
	0	218	-175.000000	20.500000	1.017488e+05	2015	2	9	21
	0	216	-175.000000	21.000000	1.016109e+05	2015	2	10	0
	0	208	-175.000000	23.000000	1.014890e+05	2015	2	10	3
	0	211	-175.000000	22.250000	1.016474e+05	2015	2	10	6
	0	210	-175.000000	22.500000	1.017806e+05	2015	2	10	9
	0	210	-175.000000	22.500000	1.017648e+05	2015	2	10	12
	0	211	-175.000000	22.250000	1.017694e+05	2015	2	10	15
	0	213	-175.000000	21.750000	1.018293e+05	2015	2	10	18
	0	215	-175.000000	21.250000	1.018548e+05	2015	2	10	21
	0	201	-175.000000	24.750000	1.016864e+05	2015	2	11	0
	0	200	-175.000000	25.000000	1.015449e+05	2015	2	11	3
	0	204	-175.000000	24.000000	1.016222e+05	2015	2	11	6
	0	200	-175.000000	25.000000	1.017590e+05	2015	2	11	9
	0	203	-175.000000	24.250000	1.016614e+05	2015	2	11	12
	7	218	-173.250000	20.500000	1.015604e+05	2015	2	11	15
	0	210	-175.000000	22.500000	1.016146e+05	2015	2	11	18
	0	193	-175.000000	26.750000	1.017100e+05	2015	2	11	21
	0	209	-175.000000	22.750000	1.016456e+05	2015	2	12	0
	0	196	-175.000000	26.000000	1.015045e+05	2015	2	12	3
start	10	2015	2	9	3
	275	195	-106.250000	26.250000	1.019627e+05	2015	2	9	3
	275	196	-106.250000	26.000000	1.021592e+05	2015	2	9	6
	275	196	-106.250000	26.000000	1.021509e+05	2015	2	9	9
	275	196	-106.250000	26.000000	1.021992e+05	2015	2	9	12
	280	205	-105.000000	23.750000	1.023252e+05	2015	2	9	15
	299	200	-100.250000	25.000000	1.020227e+05	2015	2	10	0
	304	220	-99.000000	20.000000	1.022550e+05	2015	2	10	12
	303	219	-99.250000	20.250000	1.024422e+05	2015	2	10	15
	308	220	-98.000000	20.000000	1.016456e+05	2015	2	10	21
	304	220	-99.000000	20.000000	1.016780e+05	2015	2	11	9
start	9	2015	2	9	6
	0	22	-175.000000	69.500000	1.033144e+05	2015	2	9	6
	0	30	-175.000000	67.500000	1.033594e+05	2015	2	9	9
	0	30	-175.000000	67.500000	1.034134e+05	2015	2	9	12
	0	31	-175.000000	67.250000	1.034930e+05	2015	2	9	15
	0	31	-175.000000	67.250000	1.034859e+05	2015	2	9	18
	0	31	-175.000000	67.250000	1.035815e+05	2015	2	9	21
	0	31	-175.000000	67.250000	1.035199e+05	2015	2	10	0
	0	32	-175.000000	67.000000	1.035032e+05	2015	2	10	3
	1	32	-174.750000	67.000000	1.034407e+05	2015	2	10	6
start	82	2015	2	11	18
	580	163	-30.000000	34.250000	1.020404e+05	2015	2	11	18
	580	164	-30.000000	34.000000	1.023259e+05	2015	2	12	6
	580	154	-30.000000	36.500000	1.026346e+05	2015	2	12	12
	580	166	-30.000000	33.500000	1.025791e+05	2015	2	12	15
	580	163	-30.000000	34.250000	1.026103e+05	2015	2	12	18
	580	169	-30.000000	32.750000	1.027717e+05	2015	2	12	21
	580	167	-30.000000	33.250000	1.028205e+05	2015	2	13	0
	580	171	-30.000000	32.250000	1.027805e+05	2015	2	13	3
	580	172	-30.000000	32.000000	1.027288e+05	2015	2	13	6
	580	174	-30.000000	31.500000	1.028101e+05	2015	2	13	9
	580	179	-30.000000	30.250000	1.029322e+05	2015	2	13	12
	580	175	-30.000000	31.250000	1.028892e+05	2015	2	13	15
	580	173	-30.000000	31.750000	1.028728e+05	2015	2	13	18
	580	175	-30.000000	31.250000	1.030335e+05	2015	2	13	21
	580	176	-30.000000	31.000000	1.031513e+05	2015	2	14	0
	580	177	-30.000000	30.750000	1.031438e+05	2015	2	14	3
	580	176	-30.000000	31.000000	1.030500e+05	2015	2	14	6
	580	176	-30.000000	31.000000	1.031065e+05	2015	2	14	9
	580	176	-30.000000	31.000000	1.032213e+05	2015	2	14	12
	580	175	-30.000000	31.250000	1.030700e+05	2015	2	14	15
	580	173	-30.000000	31.750000	1.029654e+05	2015	2	14	18
	580	173	-30.000000	31.750000	1.031013e+05	2015	2	14	21
	580	174	-30.000000	31.500000	1.031826e+05	2015	2	15	0
	580	175	-30.000000	31.250000	1.030784e+05	2015	2	15	3
	580	172	-30.000000	32.000000	1.030349e+05	2015	2	15	6
	580	173	-30.000000	31.750000	1.030982e+05	2015	2	15	9
	578	172	-30.500000	32.000000	1.031969e+05	2015	2	15	12
	580	170	-30.000000	32.500000	1.030919e+05	2015	2	15	15
	580	170	-30.000000	32.500000	1.029852e+05	2015	2	15	18
	580	171	-30.000000	32.250000	1.031463e+05	2015	2	15	21
	580	165	-30.000000	33.750000	1.031548e+05	2015	2	16	3
	580	164	-30.000000	34.000000	1.030748e+05	2015	2	16	6
	580	166	-30.000000	33.500000	1.031626e+05	2015	2	16	9
	580	166	-30.000000	33.500000	1.032504e+05	2015	2	16	12
	580	166	-30.000000	33.500000	1.031354e+05	2015	2	16	15
	580	158	-30.000000	35.500000	1.030394e+05	2015	2	16	18
	580	162	-30.000000	34.500000	1.031336e+05	2015	2	16	21
	580	159	-30.000000	35.250000	1.032582e+05	2015	2	17	0
	580	158	-30.000000	35.500000	1.032479e+05	2015	2	17	3
	580	158	-30.000000	35.500000	1.031285e+05	2015	2	17	6
	580	159	-30.000000	35.250000	1.032724e+05	2015	2	17	9
	580	158	-30.000000	35.500000	1.034056e+05	2015	2	17	12
	580	159	-30.000000	35.250000	1.033438e+05	2015	2	17	15
	580	156	-30.000000	36.000000	1.033088e+05	2015	2	17	18
	580	157	-30.000000	35.750000	1.033928e+05	2015	2	17	21
	580	153	-30.000000	36.750000	1.034912e+05	2015	2	18	0
	580	153	-30.000000	36.750000	1.034984e+05	2015	2	18	3
	580	151	-30.000000	37.250000	1.034073e+05	2015	2	18	6
	580	154	-30.000000	36.500000	1.035175e+05	2015	2	18	9
	580	153	-30.000000	36.750000	1.036198e+05	2015	2	18	12
	580	149	-30.000000	37.750000	1.035656e+05	2015	2	18	15
	580	157	-30.000000	35.750000	1.035352e+05	2015	2	18	18
	580	153	-30.000000	36.750000	1.036746e+05	2015	2	18	21
	571	154	-32.250000	36.500000	1.037370e+05	2015	2	19	0
	580	153	-30.000000	36.750000	1.036931e+05	2015	2	19	3
	571	154	-32.250000	36.500000	1.036524e+05	2015	2	19	6
	578	153	-30.500000	36.750000	1.037556e+05	2015	2	19	9
	578	159	-30.500000	35.250000	1.038370e+05	2015	2	19	12
	559	155	-35.250000	36.250000	1.037934e+05	2015	2	19	15
	570	156	-32.500000	36.000000	1.037169e+05	2015	2	19	18
	565	154	-33.750000	36.500000	1.038514e+05	2015	2	19	21
	560	153	-35.000000	36.750000	1.039759e+05	2015	2	20	0
	563	155	-34.250000	36.250000	1.039212e+05	2015	2	20	3
	556	158	-36.000000	35.500000	1.038578e+05	2015	2	20	6
	561	157	-34.750000	35.750000	1.038765e+05	2015	2	20	9
	558	156	-35.500000	36.000000	1.040388e+05	2015	2	20	12
	560	154	-35.000000	36.500000	1.039661e+05	2015	2	20	15
	557	154	-35.750000	36.500000	1.039029e+05	2015	2	20	18
	563	150	-34.250000	37.500000	1.039721e+05	2015	2	20	21
	560	150	-35.000000	37.500000	1.040713e+05	2015	2	21	0
	562	153	-34.500000	36.750000	1.039670e+05	2015	2	21	3
	556	153	-36.000000	36.750000	1.038964e+05	2015	2	21	6
	560	154	-35.000000	36.500000	1.038818e+05	2015	2	21	9
	560	154	-35.000000	36.500000	1.039373e+05	2015	2	21	12
	567	151	-33.250000	37.250000	1.037898e+05	2015	2	21	15
	568	152	-33.000000	37.000000	1.036984e+05	2015	2	21	18
	567	151	-33.250000	37.250000	1.037112e+05	2015	2	21	21
	567	151	-33.250000	37.250000	1.037528e+05	2015	2	22	0
	571	152	-32.250000	37.000000	1.036336e+05	2015	2	22	3
	572	151	-32.000000	37.250000	1.034858e+05	2015	2	22	6
	580	156	-30.000000	36.000000	1.034274e+05	2015	2	22	9
	568	154	-33.000000	36.500000	1.035641e+05	2015	2	22	12
start	8	2015	2	13	9
	0	177	-175.000000	30.750000	1.007041e+05	2015	2	13	9
	0	182	-175.000000	29.500000	1.006559e+05	2015	2	13	12
	0	185	-175.000000	28.750000	1.005928e+05	2015	2	13	15
	0	194	-175.000000	26.500000	1.009798e+05	2015	2	13	21
	0	187	-175.000000	28.250000	1.009128e+05	2015	2	14	0
	0	189	-175.000000	27.750000	1.009235e+05	2015	2	14	3
	0	193	-175.000000	26.750000	1.010520e+05	2015	2	14	6
	0	194	-175.000000	26.500000	1.012708e+05	2015	2	14	9
start	5	2015	2	18	3
	0	96	-175.000000	51.000000	1.003216e+05	2015	2	18	3
	0	92	-175.000000	52.000000	1.003091e+05	2015	2	18	6
	0	88	-175.000000	53.000000	1.003255e+05	2015	2	18	12
	0	87	-175.000000	53.250000	1.002989e+05	2015	2	18	15
	0	82	-175.000000	54.500000	1.003315e+05	2015	2	18	18
start	9	2015	2	19	9
	0	220	-175.000000	20.000000	1.013844e+05	2015	2	19	9
	0	220	-175.000000	20.000000	1.013555e+05	2015	2	19	12
	0	216	-175.000000	21.000000	1.012707e+05	2015	2	19	15
	0	214	-175.000000	21.500000	1.014021e+05	2015	2	19	18
	0	212	-175.000000	22.000000	1.015959e+05	2015	2	19	21
	0	204	-175.000000	24.000000	1.015104e+05	2015	2	20	0
	0	199	-175.000000	25.250000	1.014204e+05	2015	2	20	3
	0	206	-175.000000	23.500000	1.015083e+05	2015	2	20	6
	0	201	-175.000000	24.750000	1.016645e+05	2015	2	20	9
start	4	2015	2	21	12
	299	220	-100.250000	20.000000	1.017698e+05	2015	2	21	12
	300	220	-100.000000	20.000000	1.019750e+05	2015	2	21	15
	300	220	-100.000000	20.000000	1.016969e+05	2015	2	21	18
	308	220	-98.000000	20.000000	1.012692e+05	2015	2	21	21
start	5	2015	2	23	21
	0	40	-175.000000	65.000000	1.006709e+05	2015	2	23	21
	0	35	-175.000000	66.250000	1.008446e+05	2015	2	24	0
	0	27	-175.000000	68.250000	1.009038e+05	2015	2	24	3
	0	24	-175.000000	69.000000	1.010200e+05	2015	2	24	6
	0	14	-175.000000	71.500000	1.012282e+05	2015	2	24	12
start	67	2015	2	24	0
	580	145	-30.000000	38.750000	1.036831e+05	2015	2	24	0
	580	145	-30.000000	38.750000	1.035926e+05	2015	2	24	3
	580	145	-30.000000	38.750000	1.034855e+05	2015	2	24	6
	580	145	-30.000000	38.750000	1.035359e+05	2015	2	24	9
	580	149	-30.000000	37.750000	1.036375e+05	2015	2	24	12
	580	150	-30.000000	37.500000	1.035027e+05	2015	2	24	15
	580	152	-30.000000	37.000000	1.035141e+05	2015	2	24	18
	580	152	-30.000000	37.000000	1.035825e+05	2015	2	24	21
	580	153	-30.000000	36.750000	1.036776e+05	2015	2	25	0
	580	154	-30.000000	36.500000	1.035992e+05	2015	2	25	3
	580	154	-30.000000	36.500000	1.035034e+05	2015	2	25	6
	580	152	-30.000000	37.000000	1.035670e+05	2015	2	25	9
	580	155	-30.000000	36.250000	1.037244e+05	2015	2	25	12
	580	154	-30.000000	36.500000	1.036602e+05	2015	2	25	15
	580	153	-30.000000	36.750000	1.036074e+05	2015	2	25	18
	580	153	-30.000000	36.750000	1.036469e+05	2015	2	25	21
	580	150	-30.000000	37.500000	1.037884e+05	2015	2	26	0
	580	153	-30.000000	36.750000	1.037117e+05	2015	2	26	3
	580	150	-30.000000	37.500000	1.036105e+05	2015	2	26	6
	580	152	-30.000000	37.000000	1.036239e+05	2015	2	26	9
	580	153	-30.000000	36.750000	1.037041e+05	2015	2	26	12
	580	150	-30.000000	37.500000	1.036109e+05	2015	2	26	15
	580	152	-30.000000	37.000000	1.035225e+05	2015	2	26	18
	580	153	-30.000000	36.750000	1.036285e+05	2015	2	26	21
	580	155	-30.000000	36.250000	1.037028e+05	2015	2	27	0
	580	155	-30.000000	36.250000	1.036353e+05	2015	2	27	3
	580	155	-30.000000	36.250000	1.035232e+05	2015	2	27	6
	580	153	-30.000000	36.750000	1.036080e+05	2015	2	27	9
	580	158	-30.000000	35.500000	1.037496e+05	2015	2	27	12
	580	156	-30.000000	36.000000	1.036781e+05	2015	2	27	15
	580	154	-30.000000	36.500000	1.036092e+05	2015	2	27	18
	580	157	-30.000000	35.750000	1.037584e+05	2015	2	27	21
	580	161	-30.000000	34.750000	1.037615e+05	2015	2	28	0
	580	157	-30.000000	35.750000	1.036372e+05	2015	2	28	3
	580	159	-30.000000	35.250000	1.035666e+05	2015	2	28	6
	580	158	-30.000000	35.500000	1.036491e+05	2015	2	28	9
	580	161	-30.000000	34.750000	1.037476e+05	2015	2	28	12
	580	161	-30.000000	34.750000	1.035620e+05	2015	2	28	15
	580	158	-30.000000	35.500000	1.034642e+05	2015	2	28	18
	580	161	-30.000000	34.750000	1.035640e+05	2015	2	28	21
	580	163	-30.000000	34.250000	1.036402e+05	2015	3	1	0
	580	167	-30.000000	33.250000	1.034659e+05	2015	3	1	3
	580	165	-30.000000	33.750000	1.033071e+05	2015	3	1	6
	580	166	-30.000000	33.500000	1.033239e+05	2015	3	1	9
	580	165	-30.000000	33.750000	1.034554e+05	2015	3	1	12
	580	167	-30.000000	33.250000	1.032185e+05	2015	3	1	15
	580	166	-30.000000	33.500000	1.030836e+05	2015	3	1	18
	580	166	-30.000000	33.500000	1.031167e+05	2015	3	1	21
	580	166	-30.000000	33.500000	1.031511e+05	2015	3	2	0
	580	167	-30.000000	33.250000	1.029975e+05	2015	3	2	3
	580	164	-30.000000	34.000000	1.028962e+05	2015	3	2	6
	580	167	-30.000000	33.250000	1.029082e+05	2015	3	2	9
	580	167	-30.000000	33.250000	1.029937e+05	2015	3	2	12
	580	169	-30.000000	32.750000	1.027722e+05	2015	3	2	15
	580	168	-30.000000	33.000000	1.027008e+05	2015	3	2	18
	580	169	-30.000000	32.750000	1.027959e+05	2015	3	2	21
	580	171	-30.000000	32.250000	1.028481e+05	2015	3	3	0
	580	169	-30.000000	32.750000	1.026949e+05	2015	3	3	6
	580	167	-30.000000	33.250000	1.028470e+05	2015	3	3	18
	580	148	-30.000000	38.000000	1.030438e+05	2015	3	4	0
	580	147	-30.000000	38.250000	1.028704e+05	2015	3	4	3
	580	147	-30.000000	38.250000	1.027900e+05	2015	3	4	6
	580	162	-30.000000	34.500000	1.028012e+05	2015	3	4	9
	580	165	-30.000000	33.750000	1.029414e+05	2015	3	4	12
	580	163	-30.000000	34.250000	1.028206e+05	2015	3	4	15
	580	160	-30.000000	35.000000	1.027478e+05	2015	3	4	18
	580	161	-30.000000	34.750000	1.028464e+05	2015	3	4	21
start	8	2015	2	25	0
	580	13	-30.000000	71.750000	1.009611e+05	2015	2	25	0
	570	0	-32.500000	75.000000	1.010608e+05	2015	2	25	9
	560	0	-35.000000	75.000000	1.011874e+05	2015	2	25	12
	572	1	-32.000000	74.750000	1.010652e+05	2015	2	25	15
	556	0	-36.000000	75.000000	1.008929e+05	2015	2	25	18
	552	0	-37.000000	75.000000	1.010522e+05	2015	2	25	21
	556	3	-36.000000	74.250000	1.012492e+05	2015	2	26	0
	556	1	-36.000000	74.750000	1.014227e+05	2015	2	26	3
start	4	2015	2	25	0
	0	103	-175.000000	49.250000	1.027678e+05	2015	2	25	0
	0	106	-175.000000	48.500000	1.028428e+05	2015	2	25	3
	0	118	-175.000000	45.500000	1.029121e+05	2015	2	25	18
	0	120	-175.000000	45.000000	1.029524e+05	2015	2	25	21
start	9	2015	2	26	6
	49	92	-162.750000	52.000000	1.034978e+05	2015	2	26	6
	50	90	-162.500000	52.500000	1.035739e+05	2015	2	26	9
	65	84	-158.750000	54.000000	1.036096e+05	2015	2	26	12
	69	83	-157.750000	54.250000	1.035791e+05	2015	2	26	15
	76	81	-156.000000	54.750000	1.036630e+05	2015	2	26	18
	78	83	-155.500000	54.250000	1.036700e+05	2015	2	26	21
	83	80	-154.250000	55.000000	1.036265e+05	2015	2	27	0
	92	81	-152.000000	54.750000	1.035518e+05	2015	2	27	3
	109	82	-147.750000	54.500000	1.035780e+05	2015	2	27	6
start	8	2015	2	27	3
	0	79	-175.000000	55.250000	1.015491e+05	2015	2	27	3
	0	77	-175.000000	55.750000	1.014532e+05	2015	2	27	6
	0	77	-175.000000	55.750000	1.014250e+05	2015	2	27	9
	0	77	-175.000000	55.750000	1.013656e+05	2015	2	27	12
	0	95	-175.000000	51.250000	1.013414e+05	2015	2	27	15
	0	105	-175.000000	48.750000	1.015302e+05	2015	2	27	18
	0	107	-175.000000	48.250000	1.018136e+05	2015	2	27	21
	0	102	-175.000000	49.500000	1.020490e+05	2015	2	28	0
start	12	2015	3	7	0
	0	0	-175.000000	75.000000	1.017650e+05	2015	3	7	0
	0	0	-175.000000	75.000000	1.016450e+05	2015	3	7	3
	0	1	-175.000000	74.750000	1.015682e+05	2015	3	7	6
	0	2	-175.000000	74.500000	1.015493e+05	2015	3	7	9
	0	5	-175.000000	73.750000	1.015306e+05	2015	3	7	12
	0	5	-175.000000	73.750000	1.015495e+05	2015	3	7	15
	0	6	-175.000000	73.500000	1.015562e+05	2015	3	7	18
	0	9	-175.000000	72.750000	1.016403e+05	2015	3	7	21
	0	11	-175.000000	72.250000	1.017806e+05	2015	3	8	0
	0	33	-175.000000	66.750000	1.025527e+05	2015	3	8	12
	0	34	-175.000000	66.500000	1.027074e+05	2015	3	8	15
	0	37	-175.000000	65.750000	1.029658e+05	2015	3	8	18
start	4	2015	3	10	9
	0	175	-175.000000	31.250000	1.025505e+05	2015	3	10	9
	0	177	-175.000000	30.750000	1.024389e+05	2015	3	10	12
	0	181	-175.000000	29.750000	1.022864e+05	2015	3	10	15
	0	189	-175.000000	27.750000	1.020488e+05	2015	3	11	3
start	21	2015	3	13	0
	580	174	-30.000000	31.500000	1.027860e+05	2015	3	13	0
	580	173	-30.000000	31.750000	1.026466e+05	2015	3	13	3
	580	174	-30.000000	31.500000	1.025058e+05	2015	3	13	6
	580	174	-30.000000	31.500000	1.026612e+05	2015	3	13	12
	580	174	-30.000000	31.500000	1.025209e+05	2015	3	13	15
	580	176	-30.000000	31.000000	1.024121e+05	2015	3	13	21
	580	174	-30.000000	31.500000	1.024279e+05	2015	3	14	3
	580	176	-30.000000	31.000000	1.023061e+05	2015	3	14	6
	580	174	-30.000000	31.500000	1.023513e+05	2015	3	14	9
	580	178	-30.000000	30.500000	1.024284e+05	2015	3	14	12
	580	178	-30.000000	30.500000	1.023353e+05	2015	3	14	15
	580	174	-30.000000	31.500000	1.022116e+05	2015	3	14	18
	580	179	-30.000000	30.250000	1.022818e+05	2015	3	14	21
	580	183	-30.000000	29.250000	1.023241e+05	2015	3	15	0
	580	181	-30.000000	29.750000	1.022170e+05	2015	3	15	3
	580	181	-30.000000	29.750000	1.021594e+05	2015	3	15	6
	580	180	-30.000000	30.000000	1.021998e+05	2015	3	15	9
	580	184	-30.000000	29.000000	1.023044e+05	2015	3	15	12
	580	182	-30.000000	29.500000	1.021988e+05	2015	3	15	15
	580	186	-30.000000	28.500000	1.021968e+05	2015	3	15	21
	580	186	-30.000000	28.500000	1.022796e+05	2015	3	16	0
start	8	2015	3	15	15
	567	23	-33.250000	69.250000	1.016061e+05	2015	3	15	15
	568	22	-33.000000	69.500000	1.016759e+05	2015	3	15	18
	566	15	-33.500000	71.250000	1.017970e+05	2015	3	15	21
	570	13	-32.500000	71.750000	1.020464e+05	2015	3	16	0
	572	1	-32.000000	74.750000	1.020779e+05	2015	3	16	3
	572	1	-32.000000	74.750000	1.019864e+05	2015	3	16	6
	572	1	-32.000000	74.750000	1.020468e+05	2015	3	16	9
	556	0	-36.000000	75.000000	1.020797e+05	2015	3	16	12
start	18	2015	3	17	0
	0	213	-175.000000	21.750000	1.017011e+05	2015	3	17	0
	0	194	-175.000000	26.500000	1.015455e+05	2015	3	17	3
	0	198	-175.000000	25.500000	1.017012e+05	2015	3	17	12
	0	201	-175.000000	24.750000	1.016151e+05	2015	3	17	15
	0	201	-175.000000	24.750000	1.018149e+05	2015	3	17	18
	0	201	-175.000000	24.750000	1.019592e+05	2015	3	17	21
	0	192	-175.000000	27.000000	1.018482e+05	2015	3	18	0
	0	190	-175.000000	27.500000	1.017753e+05	2015	3	18	3
	0	188	-175.000000	28.000000	1.019000e+05	2015	3	18	6
	0	189	-175.000000	27.750000	1.020996e+05	2015	3	18	9
	0	192	-175.000000	27.000000	1.021335e+05	2015	3	18	12
	0	190	-175.000000	27.500000	1.020821e+05	2015	3	18	15
	0	189	-175.000000	27.750000	1.022610e+05	2015	3	18	18
	0	187	-175.000000	28.250000	1.024630e+05	2015	3	18	21
	0	190	-175.000000	27.500000	1.024565e+05	2015	3	19	0
	0	185	-175.000000	28.750000	1.022957e+05	2015	3	19	3
	0	186	-175.000000	28.500000	1.024866e+05	2015	3	19	9
	0	185	-175.000000	28.750000	1.024413e+05	2015	3	19	12
start	25	2015	3	20	6
	0	194	-175.000000	26.500000	1.023534e+05	2015	3	20	6
	0	190	-175.000000	27.500000	1.023351e+05	2015	3	20	18
	0	186	-175.000000	28.500000	1.020879e+05	2015	3	21	3
	0	182	-175.000000	29.500000	1.021445e+05	2015	3	21	6
	0	183	-175.000000	29.250000	1.022101e+05	2015	3	21	9
	0	192	-175.000000	27.000000	1.020434e+05	2015	3	21	12
	0	178	-175.000000	30.500000	1.019142e+05	2015	3	21	15
	0	177	-175.000000	30.750000	1.019231e+05	2015	3	21	18
	0	191	-175.000000	27.250000	1.019764e+05	2015	3	21	21
	0	202	-175.000000	24.500000	1.016475e+05	2015	3	22	3
	0	202	-175.000000	24.500000	1.017203e+05	2015	3	22	6
	0	204	-175.000000	24.000000	1.017984e+05	2015	3	22	9
	0	205	-175.000000	23.750000	1.017308e+05	2015	3	22	12
	0	207	-175.000000	23.250000	1.016247e+05	2015	3	22	15
	0	209	-175.000000	22.750000	1.017369e+05	2015	3	22	18
	0	214	-175.000000	21.500000	1.018493e+05	2015	3	22	21
	0	207	-175.000000	23.250000	1.017279e+05	2015	3	23	0
	0	207	-175.000000	23.250000	1.016371e+05	2015	3	23	3
	0	207	-175.000000	23.250000	1.017098e+05	2015	3	23	6
	0	211	-175.000000	22.250000	1.018236e+05	2015	3	23	9
	0	209	-175.000000	22.750000	1.017644e+05	2015	3	23	12
	0	213	-175.000000	21.750000	1.016559e+05	2015	3	23	15
	0	213	-175.000000	21.750000	1.017512e+05	2015	3	23	18
	0	211	-175.000000	22.250000	1.019169e+05	2015	3	23	21
	0	208	-175.000000	23.000000	1.018464e+05	2015	3	24	0
start	23	2015	3	24	18
	580	142	-30.000000	39.500000	1.030651e+05	2015	3	24	18
	580	146	-30.000000	38.500000	1.030239e+05	2015	3	24	21
	580	142	-30.000000	39.500000	1.030250e+05	2015	3	25	0
	580	145	-30.000000	38.750000	1.029409e+05	2015	3	25	3
	580	156	-30.000000	36.000000	1.028190e+05	2015	3	25	6
	580	159	-30.000000	35.250000	1.028316e+05	2015	3	25	9
	580	160	-30.000000	35.000000	1.028704e+05	2015	3	25	12
	580	161	-30.000000	34.750000	1.027383e+05	2015	3	25	15
	580	160	-30.000000	35.000000	1.026431e+05	2015	3	25	18
	580	161	-30.000000	34.750000	1.026602e+05	2015	3	25	21
	580	164	-30.000000	34.000000	1.027476e+05	2015	3	26	0
	580	167	-30.000000	33.250000	1.026548e+05	2015	3	26	3
	580	172	-30.000000	32.000000	1.025318e+05	2015	3	26	6
	580	165	-30.000000	33.750000	1.025484e+05	2015	3	26	9
	580	175	-30.000000	31.250000	1.025283e+05	2015	3	26	15
	580	175	-30.000000	31.250000	1.025301e+05	2015	3	26	21
	580	175	-30.000000	31.250000	1.026722e+05	2015	3	27	0
	580	175	-30.000000	31.250000	1.026090e+05	2015	3	27	3
	580	179	-30.000000	30.250000	1.025232e+05	2015	3	27	6
	580	179	-30.000000	30.250000	1.025687e+05	2015	3	27	9
	580	181	-30.000000	29.750000	1.027008e+05	2015	3	27	12
	580	176	-30.000000	31.000000	1.026144e+05	2015	3	27	15
	580	174	-30.000000	31.500000	1.025808e+05	2015	3	27	18
start	10	2015	3	24	21
	580	18	-30.000000	70.500000	1.013057e+05	2015	3	24	21
	580	18	-30.000000	70.500000	1.010360e+05	2015	3	25	0
	580	18	-30.000000	70.500000	1.007192e+05	2015	3	25	3
	556	2	-36.000000	74.500000	1.004310e+05	2015	3	25	6
	558	4	-35.500000	74.000000	1.001946e+05	2015	3	25	9
	556	0	-36.000000	75.000000	1.001821e+05	2015	3	25	12
	554	0	-36.500000	75.000000	9.991481e+04	2015	3	25	15
	552	0	-37.000000	75.000000	9.969112e+04	2015	3	25	18
	556	0	-36.000000	75.000000	9.951725e+04	2015	3	25	21
	552	2	-37.000000	74.500000	9.939131e+04	2015	3	26	0
start	3	2015	3	27	12
	0	177	-175.000000	30.750000	1.016346e+05	2015	3	27	12
	0	179	-175.000000	30.250000	1.015754e+05	2015	3	27	15
	0	202	-175.000000	24.500000	1.019836e+05	2015	3	28	0
start	28	2015	3	28	9
	580	145	-30.000000	38.750000	1.031239e+05	2015	3	28	9
	580	146	-30.000000	38.500000	1.033328e+05	2015	3	28	12
	580	150	-30.000000	37.500000	1.033671e+05	2015	3	28	15
	580	140	-30.000000	40.000000	1.032808e+05	2015	3	28	18
	580	146	-30.000000	38.500000	1.034626e+05	2015	3	28	21
	580	150	-30.000000	37.500000	1.035589e+05	2015	3	29	0
	580	144	-30.000000	39.000000	1.034629e+05	2015	3	29	3
	580	142	-30.000000	39.500000	1.034153e+05	2015	3	29	6
	580	146	-30.000000	38.500000	1.035056e+05	2015	3	29	9
	580	149	-30.000000	37.750000	1.035728e+05	2015	3	29	12
	580	148	-30.000000	38.000000	1.034019e+05	2015	3	29	15
	580	145	-30.000000	38.750000	1.033546e+05	2015	3	29	18
	580	144	-30.000000	39.000000	1.034079e+05	2015	3	29	21
	580	142	-30.000000	39.500000	1.034651e+05	2015	3	30	0
	580	145	-30.000000	38.750000	1.033161e+05	2015	3	30	3
	580	144	-30.000000	39.000000	1.031996e+05	2015	3	30	6
	580	142	-30.000000	39.500000	1.032589e+05	2015	3	30	9
	580	141	-30.000000	39.750000	1.032852e+05	2015	3	30	12
	580	137	-30.000000	40.750000	1.032503e+05	2015	3	30	15
	580	135	-30.000000	41.250000	1.030948e+05	2015	3	30	18
	580	137	-30.000000	40.750000	1.031332e+05	2015	3	30	21
	580	140	-30.000000	40.000000	1.032082e+05	2015	3	31	0
	580	128	-30.000000	43.000000	1.031316e+05	2015	3	31	3
	580	131	-30.000000	42.250000	1.030217e+05	2015	3	31	6
	580	129	-30.000000	42.750000	1.030143e+05	2015	3	31	9
	580	133	-30.000000	41.750000	1.030306e+05	2015	3	31	12
	580	128	-30.000000	43.000000	1.029184e+05	2015	3	31	15
	580	134	-30.000000	41.500000	1.027646e+05	2015	3	31	18
start	10	2015	3	30	15
	0	31	-175.000000	67.250000	1.013871e+05	2015	3	30	15
	0	32	-175.000000	67.000000	1.013160e+05	2015	3	30	18
	0	32	-175.000000	67.000000	1.012146e+05	2015	3	30	21
	0	34	-175.000000	66.500000	1.011192e+05	2015	3	31	0
	0	34	-175.000000	66.500000	1.010391e+05	2015	3	31	3
	0	34	-175.000000	66.500000	1.009979e+05	2015	3	31	6
	0	38	-175.000000	65.500000	1.009798e+05	2015	3	31	9
	0	37	-175.000000	65.750000	1.010334e+05	2015	3	31	12
	0	37	-175.000000	65.750000	1.010341e+05	2015	3	31	15
	0	58	-175.000000	60.500000	1.012704e+05	2015	4	1	0
start	4	2015	4	1	6
	0	173	-175.000000	31.750000	1.021722e+05	2015	4	1	6
	0	183	-175.000000	29.250000	1.016400e+05	2015	4	1	15
	0	189	-175.000000	27.750000	1.016836e+05	2015	4	1	18
	0	191	-175.000000	27.250000	1.017899e+05	2015	4	1	21
start	3	2015	4	1	15
	220	4	-120.000000	74.000000	1.031722e+05	2015	4	1	15
	160	0	-135.000000	75.000000	1.035351e+05	2015	4	1	21
	171	0	-132.250000	75.000000	1.035952e+05	2015	4	2	0
start	7	2015	4	4	3
	580	85	-30.000000	53.750000	1.010556e+05	2015	4	4	3
	580	84	-30.000000	54.000000	1.007689e+05	2015	4	4	6
	580	79	-30.000000	55.250000	1.006219e+05	2015	4	4	9
	580	77	-30.000000	55.750000	1.005206e+05	2015	4	4	12
	580	79	-30.000000	55.250000	1.002292e+05	2015	4	5	0
	580	75	-30.000000	56.250000	1.001399e+05	2015	4	5	3
	580	71	-30.000000	57.250000	9.997600e+04	2015	4	5	6
start	56	2015	4	4	12
	0	0	-175.000000	75.000000	1.037556e+05	2015	4	4	12
	0	0	-175.000000	75.000000	1.036758e+05	2015	4	4	15
	0	0	-175.000000	75.000000	1.035733e+05	2015	4	4	18
	0	0	-175.000000	75.000000	1.035641e+05	2015	4	4	21
	0	0	-175.000000	75.000000	1.034842e+05	2015	4	5	0
	0	0	-175.000000	75.000000	1.033902e+05	2015	4	5	3
	0	0	-175.000000	75.000000	1.033082e+05	2015	4	5	6
	0	0	-175.000000	75.000000	1.032778e+05	2015	4	5	9
	0	0	-175.000000	75.000000	1.032762e+05	2015	4	5	12
	0	0	-175.000000	75.000000	1.031593e+05	2015	4	5	15
	0	0	-175.000000	75.000000	1.030592e+05	2015	4	5	18
	0	0	-175.000000	75.000000	1.030081e+05	2015	4	5	21
	0	0	-175.000000	75.000000	1.029370e+05	2015	4	6	0
	0	0	-175.000000	75.000000	1.028392e+05	2015	4	6	6
	0	0	-175.000000	75.000000	1.027881e+05	2015	4	6	9
	0	0	-175.000000	75.000000	1.027942e+05	2015	4	6	12
	0	0	-175.000000	75.000000	1.027464e+05	2015	4	6	15
	0	0	-175.000000	75.000000	1.026738e+05	2015	4	6	18
	81	0	-154.750000	75.000000	1.026539e+05	2015	4	6	21
	0	0	-175.000000	75.000000	1.026230e+05	2015	4	7	0
	0	0	-175.000000	75.000000	1.025976e+05	2015	4	7	3
	0	0	-175.000000	75.000000	1.025904e+05	2015	4	7	6
	0	0	-175.000000	75.000000	1.026217e+05	2015	4	7	9
	0	0	-175.000000	75.000000	1.026469e+05	2015	4	7	12
	0	0	-175.000000	75.000000	1.025815e+05	2015	4	7	15
	0	0	-175.000000	75.000000	1.025307e+05	2015	4	7	18
	0	0	-175.000000	75.000000	1.024812e+05	2015	4	7	21
	0	0	-175.000000	75.000000	1.024174e+05	2015	4	8	0
	0	0	-175.000000	75.000000	1.023504e+05	2015	4	8	3
	0	0	-175.000000	75.000000	1.022929e+05	2015	4	8	6
	0	0	-175.000000	75.000000	1.022502e+05	2015	4	8	9
	0	0	-175.000000	75.000000	1.021990e+05	2015	4	8	12
	0	0	-175.000000	75.000000	1.021324e+05	2015	4	8	15
	0	0	-175.000000	75.000000	1.020339e+05	2015	4	8	18
	0	0	-175.000000	75.000000	1.019283e+05	2015	4	8	21
	0	0	-175.000000	75.000000	1.018251e+05	2015	4	9	0
	0	0	-175.000000	75.000000	1.017426e+05	2015	4	9	3
	0	0	-175.000000	75.000000	1.016720e+05	2015	4	9	6
	0	0	-175.000000	75.000000	1.016362e+05	2015	4	9	9
	0	0	-175.000000	75.000000	1.016806e+05	2015	4	9	12
	0	0	-175.000000	75.000000	1.015818e+05	2015	4	9	15
	0	0	-175.000000	75.000000	1.015250e+05	2015	4	9	18
	0	1	-175.000000	74.750000	1.015089e+05	2015	4	9	21
	0	4	-175.000000	74.000000	1.014259e+05	2015	4	10	0
	0	6	-175.000000	73.500000	1.013982e+05	2015	4	10	3
	0	7	-175.000000	73.250000	1.013029e+05	2015	4	10	6
	0	10	-175.000000	72.500000	1.013103e+05	2015	4	10	9
	0	13	-175.000000	71.750000	1.013065e+05	2015	4	10	12
	0	16	-175.000000	71.000000	1.012006e+05	2015	4	10	15
	0	19	-175.000000	70.250000	1.011634e+05	2015	4	10	18
	0	22	-175.000000	69.500000	1.010839e+05	2015	4	10	21
	0	30	-175.000000	67.500000	1.010324e+05	2015	4	11	0
	0	31	-175.000000	67.250000	1.010069e+05	2015	4	11	3
	0	33	-175.000000	66.750000	1.009699e+05	2015	4	11	6
	0	34	-175.000000	66.500000	1.009519e+05	2015	4	11	9
	0	34	-175.000000	66.500000	1.009400e+05	2015	4	11	12
start	20	2015	4	4	12
	124	0	-144.000000	75.000000	1.044066e+05	2015	4	4	12
	132	0	-142.000000	75.000000	1.043196e+05	2015	4	4	15
	136	0	-141.000000	75.000000	1.042238e+05	2015	4	4	18
	128	0	-143.000000	75.000000	1.042061e+05	2015	4	4	21
	129	0	-142.750000	75.000000	1.041329e+05	2015	4	5	0
	128	0	-143.000000	75.000000	1.040144e+05	2015	4	5	3
	128	0	-143.000000	75.000000	1.039272e+05	2015	4	5	6
	128	0	-143.000000	75.000000	1.038365e+05	2015	4	5	9
	131	0	-142.250000	75.000000	1.038125e+05	2015	4	5	12
	125	0	-143.750000	75.000000	1.036618e+05	2015	4	5	15
	131	0	-142.250000	75.000000	1.035475e+05	2015	4	5	18
	124	0	-144.000000	75.000000	1.034920e+05	2015	4	5	21
	131	0	-142.250000	75.000000	1.033104e+05	2015	4	6	0
	130	0	-142.500000	75.000000	1.031611e+05	2015	4	6	3
	124	0	-144.000000	75.000000	1.030666e+05	2015	4	6	6
	115	0	-146.250000	75.000000	1.029759e+05	2015	4	6	9
	115	0	-146.250000	75.000000	1.028512e+05	2015	4	6	12
	104	0	-149.000000	75.000000	1.027496e+05	2015	4	6	15
	82	0	-154.500000	75.000000	1.026539e+05	2015	4	6	21
	0	0	-175.000000	75.000000	1.026230e+05	2015	4	7	0
start	5	2015	4	5	6
	528	164	-43.000000	34.000000	1.028350e+05	2015	4	5	6
	537	162	-40.750000	34.500000	1.030048e+05	2015	4	5	15
	539	162	-40.250000	34.500000	1.029098e+05	2015	4	5	18
	543	163	-39.250000	34.250000	1.029755e+05	2015	4	5	21
	540	155	-40.000000	36.250000	1.031128e+05	2015	4	6	3
start	4	2015	4	7	3
	0	43	-175.000000	64.250000	9.920762e+04	2015	4	7	3
	0	43	-175.000000	64.250000	9.936650e+04	2015	4	7	6
	0	43	-175.000000	64.250000	9.948481e+04	2015	4	7	9
	0	32	-175.000000	67.000000	1.002432e+05	2015	4	7	15
start	3	2015	4	8	15
	297	214	-100.750000	21.500000	1.019208e+05	2015	4	8	15
	308	220	-98.000000	20.000000	1.016289e+05	2015	4	8	18
	308	220	-98.000000	20.000000	1.013812e+05	2015	4	8	21
start	11	2015	4	8	18
	43	150	-164.250000	37.500000	1.030595e+05	2015	4	8	18
	37	147	-165.750000	38.250000	1.031334e+05	2015	4	8	21
	43	151	-164.250000	37.250000	1.031453e+05	2015	4	9	0
	43	150	-164.250000	37.500000	1.031306e+05	2015	4	9	3
	45	152	-163.750000	37.000000	1.031318e+05	2015	4	9	6
	43	155	-164.250000	36.250000	1.031976e+05	2015	4	9	9
	36	149	-166.000000	37.750000	1.031618e+05	2015	4	9	12
	44	152	-164.000000	37.000000	1.030828e+05	2015	4	9	15
	48	155	-163.000000	36.250000	1.031535e+05	2015	4	9	18
	47	157	-163.250000	35.750000	1.032439e+05	2015	4	9	21
	51	157	-162.250000	35.750000	1.032169e+05	2015	4	10	0
start	14	2015	4	10	9
	580	161	-30.000000	34.750000	1.028998e+05	2015	4	10	9
	580	161	-30.000000	34.750000	1.029678e+05	2015	4	10	12
	580	162	-30.000000	34.500000	1.028618e+05	2015	4	10	15
	580	167	-30.000000	33.250000	1.026929e+05	2015	4	10	18
	580	164	-30.000000	34.000000	1.027259e+05	2015	4	10	21
	580	164	-30.000000	34.000000	1.028204e+05	2015	4	11	0
	580	165	-30.000000	33.750000	1.026091e+05	2015	4	11	3
	580	183	-30.000000	29.250000	1.023176e+05	2015	4	11	18
	580	186	-30.000000	28.500000	1.023679e+05	2015	4	11	21
	580	192	-30.000000	27.000000	1.024719e+05	2015	4	12	0
	580	191	-30.000000	27.250000	1.023694e+05	2015	4	12	3
	580	188	-30.000000	28.000000	1.023148e+05	2015	4	12	6
	580	195	-30.000000	26.250000	1.023751e+05	2015	4	12	9
	580	194	-30.000000	26.500000	1.024411e+05	2015	4	12	12
start	85	2015	4	11	21
	0	0	-175.000000	75.000000	1.007624e+05	2015	4	11	21
	0	0	-175.000000	75.000000	1.007864e+05	2015	4	12	0
	0	0	-175.000000	75.000000	1.008037e+05	2015	4	12	3
	0	0	-175.000000	75.000000	1.009947e+05	2015	4	12	9
	0	0	-175.000000	75.000000	1.012454e+05	2015	4	12	18
	0	0	-175.000000	75.000000	1.013476e+05	2015	4	12	21
	0	0	-175.000000	75.000000	1.013683e+05	2015	4	13	0
	0	0	-175.000000	75.000000	1.013561e+05	2015	4	13	3
	0	0	-175.000000	75.000000	1.013922e+05	2015	4	13	6
	0	0	-175.000000	75.000000	1.014463e+05	2015	4	13	9
	0	0	-175.000000	75.000000	1.014848e+05	2015	4	13	12
	0	0	-175.000000	75.000000	1.014718e+05	2015	4	13	15
	0	0	-175.000000	75.000000	1.014096e+05	2015	4	13	18
	0	0	-175.000000	75.000000	1.014367e+05	2015	4	13	21
	0	0	-175.000000	75.000000	1.014002e+05	2015	4	14	0
	0	0	-175.000000	75.000000	1.013484e+05	2015	4	14	3
	0	0	-175.000000	75.000000	1.013325e+05	2015	4	14	6
	0	0	-175.000000	75.000000	1.013581e+05	2015	4	14	9
	0	0	-175.000000	75.000000	1.014416e+05	2015	4	14	12
	0	0	-175.000000	75.000000	1.015071e+05	2015	4	14	21
	0	0	-175.000000	75.000000	1.015089e+05	2015	4	15	0
	0	0	-175.000000	75.000000	1.014695e+05	2015	4	15	3
	0	0	-175.000000	75.000000	1.014919e+05	2015	4	15	9
	0	0	-175.000000	75.000000	1.015469e+05	2015	4	15	21
	0	0	-175.000000	75.000000	1.015979e+05	2015	4	16	0
	0	0	-175.000000	75.000000	1.016491e+05	2015	4	16	3
	0	0	-175.000000	75.000000	1.016690e+05	2015	4	16	6
	0	0	-175.000000	75.000000	1.017952e+05	2015	4	16	9
	0	0	-175.000000	75.000000	1.018632e+05	2015	4	16	12
	0	0	-175.000000	75.000000	1.019416e+05	2015	4	16	15
	0	0	-175.000000	75.000000	1.019802e+05	2015	4	16	18
	0	0	-175.000000	75.000000	1.020739e+05	2015	4	16	21
	0	0	-175.000000	75.000000	1.021460e+05	2015	4	17	0
	0	0	-175.000000	75.000000	1.022101e+05	2015	4	17	3
	0	0	-175.000000	75.000000	1.022077e+05	2015	4	17	6
	0	0	-175.000000	75.000000	1.023429e+05	2015	4	17	9
	0	1	-175.000000	74.750000	1.023991e+05	2015	4	17	12
	0	1	-175.000000	74.750000	1.024618e+05	2015	4	17	15
	0	3	-175.000000	74.250000	1.024996e+05	2015	4	17	18
	0	4	-175.000000	74.000000	1.025734e+05	2015	4	17	21
	0	4	-175.000000	74.000000	1.025896e+05	2015	4	18	0
	0	5	-175.000000	73.750000	1.026326e+05	2015	4	18	3
	0	5	-175.000000	73.750000	1.026244e+05	2015	4	18	6
	0	5	-175.000000	73.750000	1.026889e+05	2015	4	18	9
	0	5	-175.000000	73.750000	1.027437e+05	2015	4	18	12
	0	5	-175.000000	73.750000	1.027527e+05	2015	4	18	15
	0	5	-175.000000	73.750000	1.026854e+05	2015	4	18	18
	0	4	-175.000000	74.000000	1.027146e+05	2015	4	18	21
	0	4	-175.000000	74.000000	1.027022e+05	2015	4	19	0
	0	3	-175.000000	74.250000	1.026739e+05	2015	4	19	3
	0	1	-175.000000	74.750000	1.025924e+05	2015	4	19	6
	0	0	-175.000000	75.000000	1.026402e+05	2015	4	19	9
	0	0	-175.000000	75.000000	1.026711e+05	2015	4	19	12
	0	0	-175.000000	75.000000	1.026410e+05	2015	4	19	15
	0	0	-175.000000	75.000000	1.025614e+05	2015	4	19	18
	0	0	-175.000000	75.000000	1.025030e+05	2015	4	19	21
	0	0	-175.000000	75.000000	1.024851e+05	2015	4	20	0
	0	0	-175.000000	75.000000	1.023775e+05	2015	4	20	3
	0	0	-175.000000	75.000000	1.022906e+05	2015	4	20	6
	0	0	-175.000000	75.000000	1.022409e+05	2015	4	20	9
	0	0	-175.000000	75.000000	1.021706e+05	2015	4	20	12
	0	0	-175.000000	75.000000	1.020146e+05	2015	4	20	15
	0	0	-175.000000	75.000000	1.018735e+05	2015	4	20	18
	0	0	-175.000000	75.000000	1.017587e+05	2015	4	20	21
	0	0	-175.000000	75.000000	1.016395e+05	2015	4	21	0
	0	0	-175.000000	75.000000	1.015739e+05	2015	4	21	3
	0	0	-175.000000	75.000000	1.015019e+05	2015	4	21	6
	0	0	-175.000000	75.000000	1.014785e+05	2015	4	21	9
	0	0	-175.000000	75.000000	1.014666e+05	2015	4	21	12
	0	0	-175.000000	75.000000	1.013442e+05	2015	4	21	15
	0	0	-175.000000	75.000000	1.012072e+05	2015	4	21	18
	0	6	-175.000000	73.500000	1.012018e+05	2015	4	22	9
	0	0	-175.000000	75.000000	1.011906e+05	2015	4	22	12
	0	0	-175.000000	75.000000	1.010392e+05	2015	4	22	15
	0	13	-175.000000	71.750000	1.009069e+05	2015	4	22	18
	0	15	-175.000000	71.250000	1.007682e+05	2015	4	22	21
	0	19	-175.000000	70.250000	1.006608e+05	2015	4	23	0
	0	23	-175.000000	69.250000	1.005124e+05	2015	4	23	6
	0	26	-175.000000	68.500000	1.005232e+05	2015	4	23	9
	0	28	-175.000000	68.000000	1.005698e+05	2015	4	23	12
	0	29	-175.000000	67.750000	1.005984e+05	2015	4	23	15
	0	25	-175.000000	68.750000	1.008198e+05	2015	4	24	0
	0	23	-175.000000	69.250000	1.010602e+05	2015	4	24	6
	0	22	-175.000000	69.500000	1.012875e+05	2015	4	24	9
	0	20	-175.000000	70.000000	1.014638e+05	2015	4	24	12
start	10	2015	4	17	0
	580	178	-30.000000	30.500000	1.022280e+05	2015	4	17	0
	580	176	-30.000000	31.000000	1.021244e+05	2015	4	17	3
	580	185	-30.000000	28.750000	1.020194e+05	2015	4	17	6
	580	191	-30.000000	27.250000	1.020669e+05	2015	4	17	9
	580	189	-30.000000	27.750000	1.021616e+05	2015	4	17	12
	580	186	-30.000000	28.500000	1.021075e+05	2015	4	17	15
	580	190	-30.000000	27.500000	1.020101e+05	2015	4	17	18
	580	190	-30.000000	27.500000	1.021166e+05	2015	4	17	21
	580	191	-30.000000	27.250000	1.021846e+05	2015	4	18	3
	580	192	-30.000000	27.000000	1.021734e+05	2015	4	18	9
start	17	2015	4	18	21
	580	27	-30.000000	68.250000	1.017148e+05	2015	4	18	21
	580	27	-30.000000	68.250000	1.017998e+05	2015	4	19	0
	580	26	-30.000000	68.500000	1.017431e+05	2015	4	19	3
	580	27	-30.000000	68.250000	1.017056e+05	2015	4	19	6
	580	26	-30.000000	68.500000	1.016702e+05	2015	4	19	9
	580	27	-30.000000	68.250000	1.015589e+05	2015	4	19	12
	580	26	-30.000000	68.500000	1.015682e+05	2015	4	19	15
	580	25	-30.000000	68.750000	1.014462e+05	2015	4	19	18
	580	22	-30.000000	69.500000	1.013932e+05	2015	4	19	21
	573	12	-31.750000	72.000000	1.014281e+05	2015	4	20	0
	566	11	-33.500000	72.250000	1.014935e+05	2015	4	20	3
	563	9	-34.250000	72.750000	1.013751e+05	2015	4	20	6
	562	10	-34.500000	72.500000	1.013204e+05	2015	4	20	9
	572	0	-32.000000	75.000000	1.011071e+05	2015	4	20	12
	567	8	-33.250000	73.000000	1.010038e+05	2015	4	20	15
	572	1	-32.000000	74.750000	1.007132e+05	2015	4	20	18
	580	5	-30.000000	73.750000	1.005357e+05	2015	4	20	21
start	15	2015	4	20	6
	0	175	-175.000000	31.250000	1.024671e+05	2015	4	20	6
	0	178	-175.000000	30.500000	1.025207e+05	2015	4	20	9
	0	175	-175.000000	31.250000	1.024426e+05	2015	4	20	12
	0	182	-175.000000	29.500000	1.022051e+05	2015	4	20	15
	0	181	-175.000000	29.750000	1.021882e+05	2015	4	20	18
	0	186	-175.000000	28.500000	1.021952e+05	2015	4	20	21
	0	190	-175.000000	27.500000	1.020652e+05	2015	4	21	0
	0	191	-175.000000	27.250000	1.018297e+05	2015	4	21	3
	0	192	-175.000000	27.000000	1.017969e+05	2015	4	21	6
	0	197	-175.000000	25.750000	1.018362e+05	2015	4	21	9
	0	183	-175.000000	29.250000	1.017623e+05	2015	4	21	12
	0	185	-175.000000	28.750000	1.017142e+05	2015	4	21	15
	0	187	-175.000000	28.250000	1.018244e+05	2015	4	21	18
	0	191	-175.000000	27.250000	1.018805e+05	2015	4	21	21
	0	183	-175.000000	29.250000	1.017946e+05	2015	4	22	0
start	26	2015	4	21	6
	580	194	-30.000000	26.500000	1.019686e+05	2015	4	21	6
	580	193	-30.000000	26.750000	1.020128e+05	2015	4	21	9
	580	193	-30.000000	26.750000	1.021323e+05	2015	4	21	12
	580	200	-30.000000	25.000000	1.019692e+05	2015	4	21	18
	580	195	-30.000000	26.250000	1.019712e+05	2015	4	21	21
	580	204	-30.000000	24.000000	1.020117e+05	2015	4	22	3
	580	203	-30.000000	24.250000	1.019238e+05	2015	4	22	6
	580	203	-30.000000	24.250000	1.020206e+05	2015	4	22	9
	580	201	-30.000000	24.750000	1.021304e+05	2015	4	22	12
	580	205	-30.000000	23.750000	1.019119e+05	2015	4	22	18
	580	201	-30.000000	24.750000	1.020105e+05	2015	4	22	21
	580	207	-30.000000	23.250000	1.020084e+05	2015	4	23	6
	580	207	-30.000000	23.250000	1.020640e+05	2015	4	23	9
	580	204	-30.000000	24.000000	1.021768e+05	2015	4	24	0
	580	206	-30.000000	23.500000	1.020480e+05	2015	4	24	6
	574	207	-31.500000	23.250000	1.021322e+05	2015	4	24	9
	558	209	-35.500000	22.750000	1.021038e+05	2015	4	24	15
	580	203	-30.000000	24.250000	1.019689e+05	2015	4	24	18
	580	203	-30.000000	24.250000	1.020285e+05	2015	4	24	21
	573	205	-31.750000	23.750000	1.021344e+05	2015	4	25	3
	580	204	-30.000000	24.000000	1.020424e+05	2015	4	25	6
	569	206	-32.750000	23.500000	1.021086e+05	2015	4	25	9
	580	204	-30.000000	24.000000	1.022329e+05	2015	4	25	12
	580	202	-30.000000	24.500000	1.021485e+05	2015	4	25	15
	576	204	-31.000000	24.000000	1.020393e+05	2015	4	25	18
	580	204	-30.000000	24.000000	1.020921e+05	2015	4	25	21
start	26	2015	4	21	9
	0	114	-175.000000	46.500000	1.015980e+05	2015	4	21	9
	0	118	-175.000000	45.500000	1.017076e+05	2015	4	21	12
	0	124	-175.000000	44.000000	1.018349e+05	2015	4	21	15
	0	122	-175.000000	44.500000	1.020102e+05	2015	4	21	18
	0	122	-175.000000	44.500000	1.021988e+05	2015	4	21	21
	0	124	-175.000000	44.000000	1.023661e+05	2015	4	22	0
	0	124	-175.000000	44.000000	1.023462e+05	2015	4	22	3
	0	129	-175.000000	42.750000	1.023918e+05	2015	4	22	6
	0	131	-175.000000	42.250000	1.024771e+05	2015	4	22	9
	0	132	-175.000000	42.000000	1.023941e+05	2015	4	22	12
	0	137	-175.000000	40.750000	1.023377e+05	2015	4	22	15
	0	140	-175.000000	40.000000	1.023619e+05	2015	4	22	18
	0	141	-175.000000	39.750000	1.024012e+05	2015	4	22	21
	0	144	-175.000000	39.000000	1.023710e+05	2015	4	23	0
	0	142	-175.000000	39.500000	1.022931e+05	2015	4	23	3
	0	147	-175.000000	38.250000	1.022194e+05	2015	4	23	6
	0	149	-175.000000	37.750000	1.023055e+05	2015	4	23	9
	0	146	-175.000000	38.500000	1.022620e+05	2015	4	23	12
	0	146	-175.000000	38.500000	1.021272e+05	2015	4	23	15
	0	150	-175.000000	37.500000	1.022211e+05	2015	4	23	18
	0	149	-175.000000	37.750000	1.022282e+05	2015	4	23	21
	0	153	-175.000000	36.750000	1.021215e+05	2015	4	24	0
	0	150	-175.000000	37.500000	1.020509e+05	2015	4	24	3
	0	155	-175.000000	36.250000	1.020450e+05	2015	4	24	6
	0	154	-175.000000	36.500000	1.021175e+05	2015	4	24	9
	0	158	-175.000000	35.500000	1.020638e+05	2015	4	24	12
start	10	2015	4	21	15
	580	75	-30.000000	56.250000	1.024652e+05	2015	4	21	15
	580	73	-30.000000	56.750000	1.024784e+05	2015	4	21	18
	580	72	-30.000000	57.000000	1.026500e+05	2015	4	21	21
	580	72	-30.000000	57.000000	1.028149e+05	2015	4	22	0
	580	72	-30.000000	57.000000	1.027964e+05	2015	4	22	3
	580	68	-30.000000	58.000000	1.029168e+05	2015	4	22	6
	580	71	-30.000000	57.250000	1.030231e+05	2015	4	22	9
	580	67	-30.000000	58.250000	1.030541e+05	2015	4	22	12
	580	67	-30.000000	58.250000	1.030507e+05	2015	4	22	15
	580	66	-30.000000	58.500000	1.030215e+05	2015	4	22	21
start	13	2015	4	24	0
	400	1	-75.000000	74.750000	1.049868e+05	2015	4	24	0
	395	0	-76.250000	75.000000	1.049322e+05	2015	4	24	3
	395	0	-76.250000	75.000000	1.048540e+05	2015	4	24	6
	390	0	-77.500000	75.000000	1.048488e+05	2015	4	24	9
	389	0	-77.750000	75.000000	1.048090e+05	2015	4	24	12
	386	1	-78.500000	74.750000	1.047353e+05	2015	4	24	15
	385	1	-78.750000	74.750000	1.046324e+05	2015	4	24	18
	386	1	-78.500000	74.750000	1.045480e+05	2015	4	24	21
	383	2	-79.250000	74.500000	1.044716e+05	2015	4	25	0
	383	2	-79.250000	74.500000	1.044131e+05	2015	4	25	3
	364	3	-84.000000	74.250000	1.043129e+05	2015	4	25	6
	363	3	-84.250000	74.250000	1.042841e+05	2015	4	25	9
	364	3	-84.000000	74.250000	1.041350e+05	2015	4	25	15
start	10	2015	4	26	6
	162	178	-134.500000	30.500000	1.026776e+05	2015	4	26	6
	166	171	-133.500000	32.250000	1.026521e+05	2015	4	26	9
	166	170	-133.500000	32.500000	1.025992e+05	2015	4	26	12
	166	169	-133.500000	32.750000	1.026632e+05	2015	4	26	15
	170	173	-132.500000	31.750000	1.027774e+05	2015	4	26	18
	173	164	-131.750000	34.000000	1.026822e+05	2015	4	27	0
	180	162	-130.000000	34.500000	1.025740e+05	2015	4	27	6
	167	171	-133.250000	32.250000	1.024757e+05	2015	4	27	9
	173	176	-131.750000	31.000000	1.023329e+05	2015	4	27	15
	172	178	-132.000000	30.500000	1.022592e+05	2015	4	28	0
start	33	2015	4	26	9
	580	175	-30.000000	31.250000	1.021506e+05	2015	4	26	9
	580	178	-30.000000	30.500000	1.022477e+05	2015	4	26	12
	580	178	-30.000000	30.500000	1.021637e+05	2015	4	26	15
	580	178	-30.000000	30.500000	1.021356e+05	2015	4	26	18
	580	187	-30.000000	28.250000	1.022221e+05	2015	4	26	21
	580	187	-30.000000	28.250000	1.023717e+05	2015	4	27	0
	580	186	-30.000000	28.500000	1.022539e+05	2015	4	27	3
	580	182	-30.000000	29.500000	1.022014e+05	2015	4	27	9
	580	184	-30.000000	29.000000	1.022758e+05	2015	4	27	12
	580	186	-30.000000	28.500000	1.020886e+05	2015	4	27	18
	580	186	-30.000000	28.500000	1.021309e+05	2015	4	27	21
	580	185	-30.000000	28.750000	1.021357e+05	2015	4	28	3
	580	185	-30.000000	28.750000	1.020348e+05	2015	4	28	6
	580	183	-30.000000	29.250000	1.021298e+05	2015	4	28	9
	580	181	-30.000000	29.750000	1.022241e+05	2015	4	28	12
	580	181	-30.000000	29.750000	1.021634e+05	2015	4	28	15
	580	180	-30.000000	30.000000	1.020479e+05	2015	4	28	18
	580	176	-30.000000	31.000000	1.020964e+05	2015	4	28	21
	580	181	-30.000000	29.750000	1.023194e+05	2015	4	29	0
	580	180	-30.000000	30.000000	1.021486e+05	2015	4	29	3
	580	178	-30.000000	30.500000	1.020938e+05	2015	4	29	6
	580	181	-30.000000	29.750000	1.021946e+05	2015	4	29	9
	580	186	-30.000000	28.500000	1.022548e+05	2015	4	29	12
	580	180	-30.000000	30.000000	1.022326e+05	2015	4	29	15
	580	178	-30.000000	30.500000	1.021542e+05	2015	4	29	18
	580	184	-30.000000	29.000000	1.021969e+05	2015	4	29	21
	580	182	-30.000000	29.500000	1.023201e+05	2015	4	30	0
	580	183	-30.000000	29.250000	1.021758e+05	2015	4	30	3
	580	182	-30.000000	29.500000	1.021125e+05	2015	4	30	6
	580	179	-30.000000	30.250000	1.021749e+05	2015	4	30	9
	580	185	-30.000000	28.750000	1.022461e+05	2015	4	30	15
	580	183	-30.000000	29.250000	1.020673e+05	2015	4	30	18
	580	187	-30.000000	28.250000	1.020498e+05	2015	4	30	21
start	12	2015	4	29	6
	0	16	-175.000000	71.000000	1.014078e+05	2015	4	29	6
	0	16	-175.000000	71.000000	1.014583e+05	2015	4	29	9
	0	17	-175.000000	70.750000	1.014928e+05	2015	4	29	12
	0	17	-175.000000	70.750000	1.015536e+05	2015	4	29	15
	0	18	-175.000000	70.500000	1.015742e+05	2015	4	29	18
	0	18	-175.000000	70.500000	1.016519e+05	2015	4	29	21
	0	11	-175.000000	72.250000	1.016861e+05	2015	4	30	0
	16	0	-171.000000	75.000000	1.018070e+05	2015	4	30	6
	16	0	-171.000000	75.000000	1.019434e+05	2015	4	30	9
	16	0	-171.000000	75.000000	1.020499e+05	2015	4	30	12
	13	0	-171.750000	75.000000	1.021421e+05	2015	4	30	15
	20	0	-170.000000	75.000000	1.022377e+05	2015	4	30	18
